计数            温度            样品电压          样品电流          霍尔电势          磁场强度          励磁电流
1             77.8          1.4102        0.1413        0.2041        66.8          1.5240
2             79.4          1.3941        0.1412        -0.2180       -80.1         1.5240
3             81.7          1.3713        0.1413        0.2103        66.8          1.5240
4             82.8          1.3535        0.1412        -0.2195       -78.2         1.5150
5             89.2          1.3100        0.1413        0.2181        67.2          1.5240
6             93.3          1.2637        0.1413        -0.2253       -78.2         1.5160
7             96.7          1.2270        0.1413        0.2289        67.2          1.5240
8             100.5         1.1962        0.1413        -0.2281       -80.7         1.5240
9             103.0         1.1671        0.1413        0.2367        67.2          1.5240
10            105.8         1.1407        0.1413        -0.2312       -78.3         1.5240
11            108.8         1.1153        0.1413        0.2442        67.2          1.5240
12            111.4         1.0919        0.1413        -0.2345       -78.5         1.5240
13            113.6         1.0691        0.1412        0.2506        66.7          1.5240
14            116.9         1.0484        0.1412        -0.2376       -79.4         0.0180
15            119.3         1.0281        0.1412        0.2560        67.0          1.5240
16            120.8         1.0090        0.1413        -0.2416       -78.5         1.5240
17            123.1         0.9908        0.1413        0.2613        67.0          1.5240
18            125.7         0.9737        0.1412        -0.2441       -79.8         0.0160
19            127.7         0.9573        0.1412        0.2657        68.8          1.4800
20            129.0         0.9420        0.1413        -0.2471       -78.3         1.5240
21            131.1         0.9265        0.1413        0.2709        67.0          1.5160
22            132.8         0.9122        0.1413        -0.2513       -78.2         1.5240
23            134.9         0.8982        0.1412        0.2738        69.1          1.5240
24            136.3         0.8851        0.1413        -0.2533       -78.5         1.5240
25            138.1         0.8723        0.1413        0.2773        67.2          1.5240
26            139.5         0.8600        0.1413        -0.2573       -78.0         1.5240
27            141.3         0.8480        0.1413        0.2809        67.0          1.5240
28            143.0         0.8370        0.1412        -0.2594       -80.3         1.5240
29            144.7         0.8256        0.1413        0.2839        68.3          1.4740
30            146.0         0.8155        0.1412        -0.2619       -79.8         0.0440
31            147.2         0.8050        0.1414        0.2866        67.2          1.5240
32            148.8         0.7954        0.1413        -0.2666       -80.1         1.5240
33            149.9         0.7853        0.1413        0.2895        66.7          1.5240
34            151.3         0.7760        0.1413        -0.2679       -78.0         1.5240
35            152.6         0.7666        0.1413        0.2918        67.0          1.5240
36            153.9         0.7579        0.1413        -0.2728       -78.2         1.5240
37            155.1         0.7490        0.1413        0.2942        66.7          1.5240
38            156.5         0.7409        0.1413        -0.2747       -78.0         1.5240
39            157.7         0.7327        0.1414        0.2961        66.7          1.5240
40            159.0         0.7249        0.1413        -0.2782       -78.0         1.5240
41            160.1         0.7168        0.1413        0.2990        67.0          1.5240
42            161.7         0.7097        0.1412        -0.2832       -78.3         0.3960
43            162.6         0.7024        0.1413        0.3003        67.2          1.5240
44            163.9         0.6956        0.1413        -0.2851       -79.9         1.4820
45            164.8         0.6886        0.1414        0.3024        66.8          1.5240
46            165.9         0.6819        0.1414        -0.2887       -78.3         1.5240
47            167.1         0.6748        0.1413        0.3050        66.8          1.5240
48            168.1         0.6689        0.1414        -0.2912       -78.0         1.5240
49            169.5         0.6622        0.1413        0.3075        68.6          1.4810
50            170.2         0.6563        0.1414        -0.2937       -78.3         1.5240
51            171.2         0.6498        0.1413        0.3113        66.8          1.5240
52            172.2         0.6441        0.1413        -0.2980       -78.2         1.5240
53            173.5         0.6381        0.1413        0.3128        69.1          1.5240
54            174.2         0.6328        0.1414        -0.2996       -78.3         1.5240
55            175.2         0.6271        0.1414        0.3154        67.0          1.5240
56            176.1         0.6218        0.1414        -0.3034       -77.8         1.5240
57            177.0         0.6162        0.1414        0.3184        66.8          1.5240
58            178.2         0.6108        0.1413        -0.3052       -79.9         1.5240
59            179.3         0.6052        0.1413        0.3208        68.3          1.4720
60            179.8         0.6004        0.1413        -0.3079       -77.8         1.5240
61            180.7         0.5952        0.1413        0.3240        66.8          1.5240
62            181.6         0.5910        0.1414        -0.3111       -77.7         1.5240
63            182.5         0.5850        0.1413        0.3267        67.0          1.5240
64            183.4         0.5807        0.1413        -0.3137       -78.0         1.5150
65            184.2         0.5756        0.1413        0.3295        66.7          1.5240
66            185.1         0.5711        0.1414        -0.3181       -77.2         1.5240
67            186.2         0.5663        0.1413        0.3328        68.8          1.5240
68            187.0         0.5618        0.1413        -0.3197       -80.1         0.2760
69            187.6         0.5568        0.1414        0.3355        67.3          1.5240
70            188.4         0.5532        0.1414        -0.3225       -78.2         1.5240
71            189.2         0.5482        0.1414        0.3394        67.2          1.5240
72            190.0         0.5438        0.1414        -0.3311       -77.8         1.5240
73            190.9         0.5392        0.1414        0.3417        67.0          1.5230
74            191.8         0.5350        0.1414        -0.3285       -80.3         0.0280
75            192.4         0.5309        0.1414        0.3446        67.2          1.5240
76            193.3         0.5272        0.1413        -0.3320       -80.1         0.0140
77            194.0         0.5219        0.1414        0.3479        67.0          1.5240
78            194.7         0.5179        0.1414        -0.3346       -77.8         1.5240
79            195.7         0.5137        0.1413        0.3507        68.9          0.0170
80            196.3         0.5101        0.1413        -0.3371       -77.7         0.0430
81            197.0         0.5056        0.1413        0.3542        67.3          1.5170
82            197.8         0.5018        0.1413        -0.3419       -79.6         1.5240
83            198.6         0.4976        0.1412        0.3568        68.9          0.2750
84            199.1         0.4939        0.1413        -0.3429       -77.8         1.5140
85            199.8         0.4905        0.1414        0.3596        67.2          1.5240
86            200.4         0.4867        0.1414        -0.3474       -77.5         1.5240
87            201.2         0.4826        0.1414        0.3640        67.2          1.5240
88            201.8         0.4791        0.1414        -0.3490       -78.0         1.5240
89            202.7         0.4750        0.1413        0.3656        69.6          0.0280
90            203.3         0.4724        0.1414        -0.3518       -79.1         0.0440
91            203.9         0.4680        0.1414        0.3688        67.5          1.5240
92            204.4         0.4647        0.1414        -0.3557       -77.0         1.5240
93            205.3         0.4609        0.1413        0.3712        68.8          0.0160
94            205.7         0.4578        0.1414        -0.3572       -77.7         1.5130
95            206.3         0.4541        0.1414        0.3737        67.5          1.5240
96            207.0         0.4508        0.1414        -0.3602       -77.4         1.5240
97            207.6         0.4471        0.1414        0.3765        67.3          1.5240
98            208.2         0.4437        0.1413        -0.3622       -77.0         1.5240
99            208.8         0.4403        0.1413        0.3788        67.0          1.5240
100           209.4         0.4378        0.1413        -0.3645       -77.2         1.5240
101           210.0         0.4335        0.1413        0.3822        67.2          1.5240
102           210.6         0.4304        0.1413        -0.3686       -77.2         1.5240
103           211.1         0.4269        0.1413        0.3837        67.2          1.5240
104           211.9         0.4237        0.1412        -0.3692       -78.6         1.5240
105           212.3         0.4214        0.1413        0.3857        67.2          1.5240
106           212.9         0.4178        0.1413        -0.3725       -77.0         1.5240
107           213.4         0.4143        0.1413        0.3892        67.2          1.5240
108           214.2         0.4116        0.1412        -0.3739       -79.0         0.1240
109           214.8         0.4083        0.1413        0.3901        69.3          1.4740
110           215.2         0.4060        0.1413        -0.3757       -77.5         1.5240
111           215.9         0.4021        0.1412        0.3919        69.3          0.0140
112           216.4         0.3994        0.1413        -0.3795       -79.1         1.5240
113           216.8         0.3961        0.1413        0.3953        67.6          1.5240
114           217.3         0.3936        0.1413        -0.3797       -77.7         1.5240
115           218.0         0.3911        0.1414        0.3960        67.8          1.5240
116           218.5         0.3876        0.1413        -0.3825       -77.5         1.5190
117           219.2         0.3844        0.1413        0.3978        68.8          0.2040
118           219.5         0.3816        0.1413        -0.3833       -77.0         1.5240
119           220.0         0.3786        0.1414        0.3992        67.6          1.5240
120           220.5         0.3769        0.1413        -0.3845       -77.2         1.5240
121           221.0         0.3732        0.1414        0.4013        67.5          1.5240
122           221.5         0.3705        0.1413        -0.3876       -77.2         1.5240
123           222.1         0.3674        0.1413        0.4019        67.5          1.5240
124           222.7         0.3648        0.1412        -0.3875       -78.6         1.4730
125           223.1         0.3626        0.1413        0.4027        67.8          1.5240
126           223.5         0.3596        0.1413        -0.3889       -77.5         1.5240
127           224.2         0.3566        0.1413        0.4052        69.4          0.2070
128           224.5         0.3541        0.1413        -0.3898       -77.2         1.5240
129           225.0         0.3518        0.1413        0.4050        67.8          1.5140
130           225.5         0.3495        0.1413        -0.3905       -77.4         1.5240
131           226.0         0.3462        0.1413        0.4068        67.8          1.5240
132           226.4         0.3439        0.1413        -0.3926       -76.7         1.5240
133           226.9         0.3411        0.1413        0.4067        68.0          1.5240
134           227.3         0.3387        0.1413        -0.3922       -77.2         1.5240
135           227.8         0.3366        0.1413        0.4068        67.8          1.5240
136           228.2         0.3339        0.1413        -0.3936       -76.9         1.5240
137           228.8         0.3313        0.1412        0.4093        69.3          1.5230
138           229.1         0.3291        0.1413        -0.3935       -76.7         1.5240
139           229.7         0.3264        0.1412        0.4077        68.6          0.0180
140           230.0         0.3253        0.1412        -0.3936       -76.9         1.5240
141           230.6         0.3218        0.1412        0.4086        69.6          1.5240
142           230.8         0.3197        0.1413        -0.3960       -76.7         1.5240
143           231.3         0.3172        0.1413        0.4084        68.0          1.5240
144           231.7         0.3159        0.1413        -0.3944       -77.4         1.5130
145           232.1         0.3128        0.1415        0.4086        67.8          1.5240
146           232.5         0.3107        0.1413        -0.3957       -77.2         1.5170
147           233.0         0.3081        0.1413        0.4084        67.8          1.5240
148           233.4         0.3061        0.1413        -0.3945       -76.7         1.5240
149           233.8         0.3037        0.1413        0.4080        67.6          1.5240
150           234.2         0.3025        0.1413        -0.3941       -76.4         1.5240
151           234.6         0.2994        0.1413        0.4087        67.3          1.5240
152           235.0         0.2974        0.1413        -0.3943       -76.5         1.5240
153           235.4         0.2951        0.1413        0.4074        68.0          1.5230
154           235.9         0.2934        0.1413        -0.3939       -78.6         1.4730
155           236.4         0.2914        0.1413        0.4067        69.9          0.0440
156           236.6         0.2891        0.1413        -0.3937       -76.1         1.5240
157           237.0         0.2868        0.1413        0.4076        68.0          1.5240
158           237.4         0.2849        0.1413        -0.4662       -76.5         1.5240
159           238.0         0.2832        0.1412        0.4055        69.9          0.0120
160           238.2         0.2816        0.1413        -0.3920       -76.7         1.5240
161           238.5         0.2789        0.1413        0.4057        68.0          1.5240
162           238.9         0.2771        0.1412        -0.3935       -76.5         1.5240
163           239.3         0.2749        0.1413        0.4053        67.8          1.5240
164           239.7         0.2730        0.1413        -0.3908       -76.4         1.5240
165           240.1         0.2715        0.1413        0.4029        68.3          1.5240
166           240.5         0.2695        0.1412        -0.3914       -78.5         1.5240
167           240.8         0.2673        0.1413        0.4036        68.1          1.5240
168           241.1         0.2656        0.1413        -0.3895       -76.7         1.5230
169           241.5         0.2636        0.1413        0.4008        68.1          1.5240
170           241.9         0.2625        0.1413        -0.3881       -76.7         1.5240
171           242.3         0.2599        0.1413        0.3995        68.1          1.5240
172           242.6         0.2583        0.1414        -0.3892       -76.5         1.5240
173           243.0         0.2563        0.1413        0.3987        68.1          1.5240
174           243.3         0.2553        0.1412        -0.3862       -78.5         0.0120
175           243.7         0.2535        0.1413        0.3970        68.4          1.5240
176           244.0         0.2514        0.1413        -0.3864       -75.9         1.5240
177           244.4         0.2495        0.1413        0.3970        70.4          1.5230
178           244.7         0.2479        0.1413        -0.3850       -76.9         1.5240
179           245.0         0.2459        0.1413        0.3944        68.4          1.5240
180           245.4         0.2456        0.1413        -0.3824       -76.2         1.5240
181           245.7         0.2429        0.1413        0.3945        68.0          1.5240
182           246.0         0.2415        0.1413        -0.3826       -76.2         1.5240
183           246.3         0.2397        0.1413        0.3931        68.1          1.5240
184           246.7         0.2385        0.1413        -0.3799       -78.3         1.4730
185           247.1         0.2367        0.1412        0.3898        70.5          0.0450
186           247.3         0.2353        0.1413        -0.3790       -76.7         1.5240
187           247.6         0.2336        0.1413        0.3903        67.8          1.5240
188           248.0         0.2321        0.1412        -0.3784       -78.0         0.0150
189           248.3         0.2311        0.1413        0.3868        68.3          1.5240
190           248.6         0.2297        0.1413        -0.3753       -76.5         1.5240
191           248.9         0.2278        0.1413        0.3866        68.6          1.5240
192           249.2         0.2264        0.1413        -0.3759       -78.5         1.5240
193           249.5         0.2246        0.1413        0.3841        68.3          1.5240
194           249.8         0.2239        0.1413        -0.3723       -76.2         1.5240
195           250.1         0.2221        0.1413        0.3816        68.3          1.5240
196           250.4         0.2209        0.1413        -0.3722       -76.1         1.5240
197           250.8         0.2193        0.1413        0.3820        70.1          1.5230
198           251.0         0.2180        0.1413        -0.3709       -76.1         1.5240
199           251.4         0.2165        0.1412        0.3784        69.1          0.0310
200           251.6         0.2156        0.1413        -0.3677       -78.3         0.0450
201           251.9         0.2141        0.1413        0.3765        70.4          0.0140
202           252.1         0.2129        0.1413        -0.3680       -76.1         1.5240
203           252.6         0.2114        0.1413        0.3764        70.2          0.0150
204           252.7         0.2103        0.1413        -0.3645       -77.5         0.0180
205           253.1         0.2094        0.1413        0.3730        68.6          0.0420
206           253.3         0.2080        0.1413        -0.3643       -77.8         1.5240
207           253.6         0.2066        0.1414        0.3731        70.5          1.5230
208           253.8         0.2055        0.1413        -0.3627       -78.5         0.0930
209           254.2         0.2046        0.1413        0.3695        70.7          1.4930
210           254.3         0.2032        0.1413        -0.3593       -76.5         1.5240
211           254.7         0.2018        0.1413        0.3694        68.8          1.5240
212           254.9         0.2008        0.1413        -0.3590       -77.2         1.5240
213           255.2         0.1995        0.1414        0.3677        68.9          1.5240
214           255.4         0.1984        0.1414        -0.3559       -75.9         1.5240
215           255.8         0.1973        0.1412        0.3638        70.2          0.0440
216           256.0         0.1963        0.1413        -0.3559       -78.5         1.5240
217           256.2         0.1951        0.1414        0.3636        68.9          1.5240
218           256.5         0.1941        0.1413        -0.3545       -76.1         1.5240
219           256.7         0.1933        0.1413        0.3602        68.8          1.5240
220           257.0         0.1921        0.1413        -0.3504       -76.2         1.5240
221           257.2         0.1908        0.1414        0.3585        68.8          1.5240
222           257.5         0.1899        0.1413        -0.3509       -78.0         1.5240
223           257.7         0.1887        0.1413        0.3584        68.6          1.5240
224           258.0         0.1883        0.1413        -0.3471       -76.2         1.5140
225           258.2         0.1868        0.1414        0.3546        68.8          1.5240
226           258.4         0.1858        0.1413        -0.3469       -76.4         1.5190
227           258.7         0.1846        0.1414        0.3544        68.6          1.5240
228           259.0         0.1836        0.1413        -0.3456       -75.9         1.5240
229           259.2         0.1824        0.1413        0.3508        68.8          1.5240
230           259.5         0.1818        0.1414        -0.3417       -75.9         1.5240
231           259.8         0.1805        0.1414        0.3501        68.9          1.5240
232           260.0         0.1797        0.1414        -0.3419       -76.2         1.5240
233           260.2         0.1785        0.1414        0.3484        68.6          1.5240
234           260.5         0.1779        0.1413        -0.3380       -76.2         1.5130
235           260.8         0.1766        0.1414        0.3448        69.3          1.5240
236           261.0         0.1758        0.1413        -0.3364       -76.2         1.5240
237           261.3         0.1747        0.1414        0.3441        68.9          1.5240
238           261.5         0.1738        0.1414        -0.3357       -75.6         1.5240
239           261.7         0.1729        0.1414        0.3410        68.8          1.5240
240           261.9         0.1721        0.1414        -0.3325       -75.6         1.5240
241           262.2         0.1710        0.1413        0.3402        69.1          1.5240
242           262.4         0.1703        0.1412        -0.3325       -78.2         1.5240
243           262.6         0.1692        0.1414        0.3393        69.4          1.5240
244           262.8         0.1685        0.1413        -0.3291       -76.2         1.5240
245           263.0         0.1677        0.1414        0.3353        354.6         1.5240
246           263.3         0.1670        0.1413        -0.3286       -77.4         0.1510
247           263.5         0.1660        0.1414        0.3352        69.3          1.5240
248           263.7         0.1653        0.1413        -0.3275       -78.6         0.1310
249           264.0         0.1645        0.1413        0.3320        70.2          0.0190
250           264.1         0.1639        0.1413        -0.3239       -75.9         0.0440
251           264.3         0.1630        0.1414        0.3301        69.1          1.5240
252           264.5         0.1623        0.1414        -0.3241       -75.7         1.5240
253           264.7         0.1614        0.1414        0.3295        68.9          1.5240
254           264.9         0.1613        0.1414        -0.3208       -75.6         1.5240
255           265.1         0.1600        0.1413        0.3266        68.9          1.5240
256           265.3         0.1594        0.1413        -0.3200       -75.9         1.5240
257           265.5         0.1584        0.1413        0.3252        68.9          1.5240
258           265.7         0.1578        0.1413        -0.3192       -77.8         1.5240
259           265.9         0.1570        0.1413        0.3233        69.4          1.5240
260           266.1         0.1566        0.1413        -0.3158       -76.1         1.5240
261           266.3         0.1557        0.1413        0.3231        68.9          1.5240
262           266.5         0.1551        0.1413        -0.3158       -75.6         1.5240
263           266.7         0.1542        0.1413        0.3201        69.1          1.5240
264           266.9         0.1537        0.1413        -0.3134       -75.9         1.5240
265           267.0         0.1531        0.1413        0.3182        69.6          1.5240
266           267.2         0.1525        0.1412        -0.3111       -77.7         1.5240
267           267.4         0.1517        0.1413        0.3178        69.1          1.5240
268           267.6         0.1512        0.1413        -0.3111       -75.9         1.5240
269           267.8         0.1505        0.1413        0.3151        69.4          1.5150
270           267.9         0.1500        0.1414        -0.3079       -86.1         1.5240
271           268.2         0.1493        0.1413        0.3143        71.2          1.5240
272           268.3         0.1487        0.1413        -0.3079       -76.7         0.2120
273           268.5         0.1479        0.1414        0.3135        69.3          1.5240
274           268.7         0.1475        0.1414        -0.3050       -75.7         1.5240
275           268.9         0.1468        0.1414        0.3104        69.4          1.5240
276           269.0         0.1464        0.1412        -0.3048       -77.2         0.1550
277           269.2         0.1456        0.1414        0.3103        69.4          1.5240
278           269.4         0.1452        0.1414        -0.3038       -75.9         1.5220
279           269.5         0.1445        0.1414        0.3073        69.4          1.5240
280           269.7         0.1442        0.1414        -0.3006       -75.9         1.5240
281           269.9         0.1435        0.1414        0.3058        69.6          1.5240
282           270.0         0.1430        0.1412        -0.3009       -77.4         1.5240
283           270.3         0.1424        0.1413        0.3058        71.0          0.0150
284           270.3         0.1420        0.1413        -0.2978       -77.7         0.0120
285           270.5         0.1414        0.1413        0.3029        69.6          1.5240
286           270.7         0.1410        0.1414        -0.2977       -75.7         1.5240
287           270.8         0.1402        0.1414        0.3032        69.3          1.5240
288           271.0         0.1397        0.1413        -0.2964       -75.6         1.5240
289           271.2         0.1392        0.1414        0.3002        69.4          1.5240
290           271.3         0.1389        0.1413        -0.2952       -76.1         1.5240
291           271.5         0.1383        0.1414        0.3005        69.3          1.5240
292           271.6         0.1378        0.1413        -0.2927       -75.4         1.5240
293           271.8         0.1373        0.1414        0.2990        69.6          1.5220
294           271.9         0.1369        0.1414        -0.2912       -75.7         1.5240
295           272.0         0.1364        0.1413        0.2958        69.6          1.5240
296           272.2         0.1360        0.1414        -0.2901       -75.7         1.5240
297           272.4         0.1354        0.1413        0.2965        69.6          1.5240
298           272.5         0.1350        0.1413        -0.2889       -75.6         1.5240
299           272.6         0.1346        0.1414        0.2936        69.7          1.5140
300           272.8         0.1343        0.1413        -0.2873       -75.9         1.5240
301           272.9         0.1338        0.1414        0.2930        69.7          1.5150
302           273.0         0.1335        0.1414        -0.2882       -75.4         1.5240
303           273.1         0.1328        0.1413        0.2926        69.3          1.5240
304           273.3         0.1326        0.1413        -0.2853       -75.9         1.5240
305           273.4         0.1322        0.1413        0.2899        69.7          1.5240
306           273.5         0.1319        0.1414        -0.2854       -75.7         1.5240
307           273.6         0.1315        0.1414        0.2910        69.4          1.5240
308           273.7         0.1312        0.1413        -0.2834       -75.4         1.5240
309           273.8         0.1309        0.1414        0.2881        69.6          1.5240
310           273.9         0.1308        0.1413        -0.2823       -77.2         0.0430
311           274.1         0.1303        0.1414        0.2870        69.9          1.5240
312           274.1         0.1300        0.1413        -0.2832       -75.4         1.5240
313           274.3         0.1296        0.1413        0.2864        70.9          0.0150
314           274.3         0.1295        0.1412        -0.2807       -77.5         0.1580
315           274.4         0.1291        0.1414        0.2853        69.7          1.5240
316           274.5         0.1288        0.1414        -0.2807       -75.6         1.5240
317           274.6         0.1284        0.1413        0.2856        69.7          1.5240
318           274.7         0.1281        0.1413        -0.2805       -75.4         1.5240
319           274.8         0.1278        0.1413        0.2834        69.9          1.5140
320           274.9         0.1276        0.1413        -0.2777       -75.7         1.5240
321           275.1         0.1271        0.1413        0.2840        69.7          1.5240
322           275.1         0.1268        0.1414        -0.2786       -75.6         1.5240
323           275.3         0.1264        0.1414        0.2831        69.6          1.5240
324           275.4         0.1262        0.1415        -0.2761       -75.7         1.5240
325           275.5         0.1259        0.1414        0.2804        69.7          1.5240
326           275.6         0.1256        0.1414        -0.2750       -75.7         1.5240
327           275.7         0.1251        0.1414        0.2812        69.6          1.5240
328           275.8         0.1249        0.1413        -0.2743       -77.2         0.0150
329           275.9         0.1245        0.1414        0.2786        69.6          1.5240
330           276.0         0.1243        0.1414        -0.2730       -75.6         1.5240
331           276.2         0.1239        0.1413        0.2785        71.4          1.5240
332           276.3         0.1236        0.1414        -0.2738       -75.3         1.5240
333           276.4         0.1231        0.1414        0.2786        69.4          1.5240
334           276.5         0.1230        0.1414        -0.2712       -75.4         1.5240
335           276.6         0.1226        0.1414        0.2754        69.6          1.5240
336           276.7         0.1224        0.1413        -0.2716       -77.8         1.5240
337           276.9         0.1219        0.1413        0.2762        70.4          0.2130
338           276.9         0.1217        0.1414        -0.2693       -75.1         1.5240
339           277.1         0.1212        0.1414        0.2736        70.1          1.5240
340           277.2         0.1211        0.1413        -0.2681       -75.6         1.5240
341           277.3         0.1207        0.1413        0.2737        69.9          1.5240
342           277.4         0.1205        0.1414        -0.2676       -75.7         1.5240
343           277.5         0.1200        0.1414        0.2717        69.9          1.5240
344           277.6         0.1198        0.1413        -0.2664       -77.4         1.4700
345           277.7         0.1195        0.1414        0.2705        69.4          1.5240
346           277.8         0.1193        0.1413        -0.2655       -75.1         1.5240
347           277.9         0.1189        0.1414        0.2711        71.7          1.5240
348           278.0         0.1187        0.1414        -0.2659       -75.1         1.5240
349           278.1         0.1184        0.1414        0.2689        70.1          1.5150
350           278.2         0.1183        0.1414        -0.2636       -75.6         1.5240
351           278.3         0.1178        0.1414        0.2692        69.3          1.5240
352           278.4         0.1176        0.1413        -0.2640       -75.3         1.5240
353           278.5         0.1172        0.1414        0.2671        69.7          1.5240
354           278.6         0.1170        0.1414        -0.2620       -75.4         1.5240
355           278.7         0.1168        0.1414        0.2659        69.7          1.5240
356           278.8         0.1166        0.1414        -0.2626       -75.6         1.5240
357           278.9         0.1162        0.1414        0.2668        70.2          1.5240
358           279.0         0.1160        0.1414        -0.2606       -75.4         1.5240
359           279.1         0.1157        0.1414        0.2644        69.9          1.5240
360           279.2         0.1156        0.1412        -0.2593       -78.0         1.5240
361           279.3         0.1152        0.1413        0.2636        71.4          0.0140
362           279.4         0.1150        0.1413        -0.2606       -75.3         1.5240
363           279.5         0.1146        0.1413        0.2629        69.6          1.5240
364           279.5         0.1146        0.1412        -0.2579       -77.2         1.4790
365           279.7         0.1142        0.1413        0.2619        70.2          1.5240
366           279.7         0.1141        0.1414        -0.2583       -75.4         1.5240
367           279.9         0.1137        0.1413        0.2628        70.5          1.5240
368           279.9         0.1136        0.1413        -0.2581       -77.7         1.5240
369           280.0         0.1132        0.1413        0.2605        69.7          1.5240
370           280.1         0.1132        0.1413        -0.2555       -75.4         1.5240
371           280.2         0.1129        0.1414        0.2615        70.2          1.5240
372           280.3         0.1128        0.1414        -0.2566       -75.6         1.5240
373           280.4         0.1124        0.1414        0.2591        70.4          1.5240
374           280.4         0.1192        0.1414        -0.2543       -76.9         1.4720
375           280.5         0.1120        0.1414        0.2582        70.2          1.5240
376           280.6         0.1119        0.1414        -0.2535       -75.3         1.5240
377           280.7         0.1115        0.1414        0.2587        69.9          1.5240
378           280.8         0.1114        0.1414        -0.2530       -75.3         1.5240
379           280.9         0.1112        0.1414        0.2569        69.7          1.5240
380           280.9         0.1111        0.1414        -0.2520       -75.1         1.5240
381           281.1         0.1108        0.1414        0.2565        70.2          1.5160
382           281.1         0.1106        0.1413        -0.2526       -75.9         1.5240
383           281.2         0.1102        0.1414        0.2555        69.9          1.5240
384           281.3         0.1101        0.1414        -0.2508       -75.3         1.5240
385           281.3         0.1099        0.1414        0.2545        69.9          1.5240
386           281.4         0.1077        0.1414        -0.2452       354.6         1.5240
387           281.4         0.1098        0.1414        -0.2512       -75.3         1.5240
388           281.5         0.1095        0.1414        0.2557        70.1          1.5240
389           281.6         0.1094        0.1414        -0.2496       -74.9         1.5240
390           281.7         0.1092        0.1414        0.2533        71.5          1.4700
391           281.7         0.1091        0.1414        -0.2703       -75.4         1.5240
392           281.8         0.1087        0.1414        0.2525        70.2          1.5240
393           281.8         0.1086        0.1413        -0.2496       -75.4         1.5240
394           281.9         0.1083        0.1414        0.2520        70.2          1.5240
395           282.0         0.1083        0.1413        -0.2474       -75.6         1.5130
396           282.1         0.1080        0.1414        0.2513        70.2          1.5240
397           282.1         0.1079        0.1413        -0.2476       -76.9         1.5240
398           282.3         0.1076        0.1413        0.2524        70.7          1.5240
399           282.3         0.1074        0.1414        -0.2471       -75.1         1.5240
400           282.4         0.1072        0.1414        0.2501        70.1          1.5240
401           282.4         0.1072        0.1413        -0.2455       -75.6         1.5240
402           282.5         0.1069        0.1414        0.2512        69.9          1.5240
403           282.6         0.1068        0.1414        -0.2454       -75.1         1.5240
404           282.7         0.1065        0.1414        0.2491        70.2          1.5230
405           282.7         0.1065        0.1414        -0.2446       -75.3         1.5240
406           282.8         0.1062        0.1414        0.2481        70.2          1.5240
407           282.9         0.1062        0.1414        -0.2439       -75.3         1.5240
408           282.9         0.1059        0.1414        0.2488        70.1          1.5240
409           283.0         0.1058        0.1413        -0.2436       -75.3         1.5240
410           283.1         0.1056        0.1414        0.2471        70.4          1.5150
411           283.1         0.1056        0.1413        -0.2427       -77.2         1.5240
412           283.2         0.1052        0.1413        0.2472        70.2          1.5240
413           283.3         0.1051        0.1413        -0.2439       -75.1         1.5240
414           283.3         0.1049        0.1414        0.2462        69.9          1.5240
415           283.4         0.1048        0.1412        -0.2418       -75.9         0.0310
416           283.4         0.1048        0.1414        0.2455        70.1          1.5240
417           283.5         0.1046        0.1414        -0.2420       -74.9         1.5240
418           283.6         0.1043        0.1413        0.2464        72.5          1.5240
419           283.6         0.1043        0.1415        -0.2410       -75.3         1.5230
420           283.7         0.1041        0.1415        0.2445        70.2          1.5240
421           283.8         0.1041        0.1415        -0.2402       -75.3         1.5240
422           283.8         0.1038        0.1414        0.2438        70.4          1.5240
423           283.9         0.1037        0.1413        -0.2411       -76.9         1.5240
424           283.9         0.1035        0.1414        0.2435        70.4          1.5240
425           284.0         0.1035        0.1414        -0.2392       -75.4         1.5150
426           284.1         0.1033        0.1414        0.2429        70.5          1.5240
427           284.1         0.1031        0.1413        -0.2400       -75.4         1.5200
428           284.2         0.1029        0.1413        0.2439        71.5          0.0350
429           284.2         0.1028        0.1414        -0.2395       -74.9         1.5240
430           284.4         0.1026        0.1413        0.2420        72.8          0.0110
431           284.3         0.1027        0.1414        -0.2377       -75.6         1.5240
432           284.4         0.1024        0.1413        0.2429        71.7          1.5240
433           284.5         0.1023        0.1413        -0.2382       -75.3         1.5240
434           284.5         0.1021        0.1414        0.2411        70.2          1.5240
435           284.5         0.1021        0.1413        -0.2369       -76.1         1.5240
436           284.6         0.1019        0.1414        0.2404        69.9          1.5240
437           284.6         0.1018        0.1413        -0.2363       -77.5         1.5230
438           284.7         0.1016        0.1414        0.2413        70.2          1.5240
439           284.8         0.1015        0.1414        -0.2362       -75.1         1.5240
440           284.9         0.1014        0.1413        0.2397        72.2          0.0150
441           284.9         0.1013        0.1413        -0.2354       -75.3         0.0450
442           285.0         0.1011        0.1413        0.2396        72.3          1.5240
443           285.0         0.1011        0.1414        -0.2368       -75.3         1.5240
444           285.1         0.1008        0.1414        0.2389        70.2          1.5240
445           285.1         0.1009        0.1414        -0.2348       -75.3         1.5240
446           285.2         0.1007        0.1414        0.2382        70.2          1.5240
447           285.2         0.1006        0.1414        -0.2352       -74.9         1.5240
448           285.3         0.1004        0.1414        0.2395        70.2          1.5240
449           285.3         0.1003        0.1414        -0.2339       -75.1         1.5240
450           285.4         0.1001        0.1413        0.2374        70.1          1.5240
451           285.4         0.1001        0.1414        -0.2333       -75.1         1.5240
452           285.5         0.0999        0.1413        0.2370        72.2          1.5240
453           285.5         0.0999        0.1414        -0.2344       -74.6         1.5240
454           285.6         0.0997        0.1414        0.2367        70.2          1.5240
455           285.6         0.0997        0.1414        -0.2328       -75.3         1.5240
456           285.7         0.0996        0.1415        0.2362        70.5          1.5240
457           285.7         0.0995        0.1414        -0.2330       -75.4         1.5150
458           285.8         0.0993        0.1413        0.2370        71.8          0.2070
459           285.8         0.0992        0.1414        -0.2329       -75.1         1.5240
460           285.8         0.0991        0.1414        0.2356        70.5          1.5130
461           285.9         0.0991        0.1414        -0.2315       -75.4         1.5240
462           286.0         0.0989        0.1414        0.2365        70.4          1.5240
463           286.0         0.0988        0.1413        -0.2322       -75.7         1.5240
464           286.0         0.0985        0.1413        0.2347        70.7          1.5240
465           286.1         0.0985        0.1414        -0.2307       -75.1         1.5240
466           286.1         0.0985        0.1414        0.2341        70.4          1.5240
467           286.2         0.0984        0.1413        -0.2313       -74.8         1.5240
468           286.2         0.0982        0.1414        0.2356        70.2          1.5240
469           286.2         0.1037        0.1414        -0.2302       -76.9         0.0150
470           286.3         0.0981        0.1414        0.2336        70.5          1.5140
471           286.4         0.0981        0.1414        -0.2295       -74.8         1.5240
472           286.4         0.0979        0.1414        0.2332        70.4          1.5240
473           286.4         0.0978        0.1414        -0.2305       -75.1         1.5240
474           286.5         0.0976        0.1414        0.2329        70.5          1.5240
475           286.5         0.0976        0.1413        -0.2289       -75.1         1.5240
476           286.6         0.0974        0.1413        0.2323        70.2          1.5240
477           286.6         0.0974        0.1413        -0.2300       -75.3         1.5240
478           286.7         0.0973        0.1413        0.2333        72.6          1.5240
479           286.7         0.0972        0.1412        -0.2284       -77.2         1.5240
480           286.8         0.0971        0.1413        0.2318        73.0          0.0280
481           286.8         0.0971        0.1413        -0.2277       -75.3         1.5240
482           286.8         0.0969        0.1414        0.2327        70.2          1.5240
483           286.9         0.0968        0.1413        -0.2292       -74.9         1.5240
484           286.9         0.0966        0.1412        0.2311        72.2          0.1220
485           286.9         0.0967        0.1413        -0.2273       -76.7         1.4830
486           287.0         0.0966        0.1413        0.2305        70.5          1.5240
487           287.0         0.0965        0.1413        -0.2525       -77.0         1.5240
488           287.0         0.0964        0.1414        0.2316        70.2          1.5240
489           287.1         0.0963        0.1413        -0.2266       -74.8         1.5240
490           287.2         0.0963        0.1412        0.2300        72.3          0.0110
491           287.1         0.0963        0.1413        -0.2262       -75.6         1.5240
492           287.2         0.0960        0.1413        0.2308        70.5          1.5240
493           287.2         0.0960        0.1413        -0.2272       -75.7         1.5240
494           287.3         0.0959        0.1412        0.2295        72.2          0.0870
495           287.3         0.0958        0.1413        -0.2258       -75.4         1.5240
496           287.4         0.0958        0.1383        0.2290        70.5          1.5240
497           287.4         0.0958        0.1413        -0.2262       -77.0         0.1540
498           287.4         0.0956        0.1414        0.2304        70.7          1.5240
499           287.4         0.0955        0.1412        -0.2252       -77.8         0.1220
500           287.5         0.0954        0.1414        0.2285        70.5          1.5240
501           287.5         0.0955        0.1412        -0.2246       -75.3         0.0420
502           287.6         0.0952        0.1413        0.2281        70.5          1.5240
503           287.6         0.0952        0.1413        -0.2262       -75.1         1.5240
504           287.6         0.0950        0.1413        0.2281        70.4          1.5240
505           287.7         0.0951        0.1413        -0.2242       -75.4         1.5140
506           287.7         0.0950        0.1414        0.2277        70.7          1.5240
507           287.8         0.0950        0.1413        -0.2252       -75.1         1.5240
508           287.8         0.0948        0.1414        0.2277        70.5          1.5240
509           287.8         0.0947        0.1413        -0.2248       -77.4         1.5240
510           287.9         0.0947        0.1413        0.2273        71.5          1.5240
511           287.9         0.1009        0.1413        -0.2234       -75.1         1.5240
512           287.9         0.0945        0.1413        0.2284        70.1          1.5240
513           288.0         0.0945        0.1413        -0.2248       -74.9         1.5240
514           288.0         0.0943        0.1413        0.2267        70.5          1.5240
515           288.0         0.0943        0.1412        -0.2230       -76.1         0.0170
516           288.1         0.0942        0.1413        0.2262        70.1          1.5240
517           288.1         0.0942        0.1413        -0.2229       -75.1         1.5240
518           288.1         0.0941        0.1413        0.2272        72.5          1.5240
519           288.1         0.0941        0.1413        -0.2225       -77.2         0.0160
520           288.3         0.0940        0.1413        0.2259        72.5          0.0120
521           288.2         0.0940        0.1412        -0.2221       -77.0         1.5240
522           288.3         0.0938        0.1414        0.2260        70.5          1.5240
523           288.3         0.0938        0.1414        -0.2230       -74.9         1.5240
524           288.3         0.0936        0.1413        0.2255        72.5          1.5240
525           288.3         0.0937        0.1413        -0.2216       -77.7         0.0300
526           288.4         0.0936        0.1414        0.2250        70.1          1.5240
527           288.4         0.0935        0.1413        -0.2221       -75.1         1.5240
528           288.4         0.0934        0.1414        0.2262        70.4          1.5240
529           288.5         0.0933        0.1413        -0.2212       -75.3         1.5230
530           288.5         0.0933        0.1413        0.2245        70.5          1.5240
531           288.6         0.0933        0.1414        -0.2209       -75.3         1.5240
532           288.6         0.0932        0.1414        0.2244        70.7          1.5240
533           288.6         0.0931        0.1413        -0.2223       -75.3         1.5240
534           288.6         0.0930        0.1413        0.2242        70.5          1.5240
535           288.6         0.0930        0.1413        -0.2203       -75.1         1.5240
536           288.7         0.0929        0.1412        0.2236        72.2          1.5240
537           288.7         0.0929        0.1414        -0.2209       -75.1         1.5240
538           288.8         0.0928        0.1413        0.2252        70.4          1.5240
539           288.8         0.0927        0.1413        -0.2200       -74.9         1.5240
540           288.8         0.0926        0.1413        0.2233        70.5          1.5240
541           288.8         0.0928        0.1414        -0.2196       -75.3         1.5240
542           288.9         0.0926        0.1414        0.2244        70.5          1.5240
543           288.8         0.0926        0.1413        -0.2206       -76.1         1.5240
544           288.9         0.0923        0.1413        0.2229        71.0          1.5240
545           288.9         0.0925        0.1412        -0.2192       -77.0         1.4710
546           289.0         0.0923        0.1414        0.2225        70.5          1.5240
547           289.0         0.0924        0.1413        -0.2191       -76.9         0.0140
548           289.1         0.0921        0.1413        0.2241        70.4          1.5240
549           289.1         0.0921        0.1413        -0.2188       -75.4         1.5240
550           289.1         0.0921        0.1413        0.2222        71.0          1.5240
551           289.1         0.0921        0.1414        -0.2185       -74.8         1.5240
552           289.2         0.0920        0.1414        0.2224        70.9          1.5190
553           289.2         0.0919        0.1413        -0.2199       -75.1         1.5240
554           289.2         0.0918        0.1414        0.2218        70.7          1.5240
555           289.2         0.0918        0.1412        -0.2181       -76.5         0.0150
556           289.3         0.0918        0.1413        0.2214        72.6          1.5240
557           289.3         0.0918        0.1414        -0.2192       -74.9         1.5240
558           289.3         0.0916        0.1413        0.2215        70.4          1.5240
559           289.3         0.0915        0.1413        -0.2178       -75.1         1.5240
560           289.4         0.0915        0.1413        0.2210        72.2          1.4710
561           289.4         0.0915        0.1413        -0.2174       -75.3         1.5240
562           289.4         0.0914        0.1413        0.2214        70.4          1.5240
563           289.4         0.0914        0.1414        -0.2176       -75.4         1.5240
564           289.5         0.0913        0.1414        0.2207        70.9          1.5240
565           289.5         0.0914        0.1414        -0.2172       -75.4         1.5130
566           289.5         0.0912        0.1414        0.2204        70.7          1.5240
567           289.5         0.0912        0.1414        -0.2179       -75.1         1.5240
568           289.6         0.0910        0.1412        0.2208        72.8          1.5240
569           289.5         0.0911        0.1412        -0.2167       -77.5         0.0940
570           289.6         0.0909        0.1413        0.2200        70.7          1.5240
571           289.6         0.0910        0.1413        -0.2163       -76.2         1.5240
572           289.7         0.0909        0.1413        0.2212        70.4          1.5240
573           289.7         0.0908        0.1412        -0.2176       -77.7         1.5240
574           289.8         0.0906        0.1413        0.2198        71.2          1.5240
575           289.7         0.0907        0.1412        -0.2160       -76.5         1.5240
576           289.8         0.0906        0.1413        0.2192        70.5          1.5240
577           289.8         0.0906        0.1413        -0.2159       -74.8         1.5240
578           289.9         0.0905        0.1412        0.2207        70.9          0.2450
579           289.9         0.0905        0.1413        -0.2158       -75.3         1.5240
580           289.9         0.0905        0.1413        0.2190        70.9          1.5140
581           289.9         0.0905        0.1413        -0.2153       -75.4         1.5240
582           290.0         0.0904        0.1414        0.2196        70.9          1.5190
583           290.0         0.0904        0.1414        -0.2168       -75.3         1.5240
584           290.0         0.0902        0.1414        0.2187        70.5          1.5240
585           290.0         0.0902        0.1413        -0.2150       -75.4         1.5140
586           290.1         0.0901        0.1413        0.2183        71.0          1.5240
587           290.0         0.0902        0.1412        -0.2159       -76.5         1.5240
588           290.1         0.0900        0.1413        0.2199        71.7          1.5240
589           290.0         0.0899        0.1413        -0.2148       -77.2         1.5240
590           290.2         0.0899        0.1412        0.2181        71.4          1.5240
591           290.1         0.0900        0.1413        -0.2144       -75.3         1.5240
592           290.2         0.0898        0.1413        0.2188        70.9          1.5240
593           290.2         0.0898        0.1413        -0.2160       -75.1         1.5240
594           290.2         0.0897        0.1413        0.2178        70.5          1.5240
595           290.2         0.0898        0.1414        -0.2143       -75.1         1.5240
596           290.3         0.0897        0.1414        0.2174        70.9          1.5240
597           290.3         0.0897        0.1414        -0.2139       -75.1         1.5240
598           290.3         0.0895        0.1413        0.2184        70.9          1.5240
599           290.3         0.0895        0.1413        -0.2139       -74.9         1.5240
600           290.4         0.0895        0.1414        0.2172        71.0          1.5130
601           290.4         0.0895        0.1414        -0.2136       -75.3         1.5240
602           290.5         0.0894        0.1413        0.2174        72.3          0.3280
603           290.4         0.0894        0.1412        -0.2144       -76.9         1.5240
604           290.5         0.0892        0.1414        0.2169        71.2          1.5240
605           290.4         0.0892        0.1413        -0.2133       -75.4         0.0300
606           290.5         0.0892        0.1413        0.2164        72.3          0.0440
607           290.5         0.0892        0.1414        -0.2133       -74.8         1.5240
608           290.6         0.0890        0.1413        0.2175        71.0          1.5240
609           290.6         0.0890        0.1413        -0.2131       -75.3         1.5240
610           290.7         0.0890        0.1413        0.2161        72.3          1.4720
611           290.6         0.0890        0.1413        -0.2125       -75.3         1.5240
612           290.6         0.0889        0.1413        0.2158        70.9          1.5240
613           290.7         0.0889        0.1413        -0.2142       -75.3         1.5240
614           290.7         0.0887        0.1413        0.2159        70.7          1.5240
615           290.6         0.0888        0.1412        -0.2125       -76.7         1.5240
616           290.7         0.0887        0.1413        0.2155        70.9          1.5240
617           290.7         0.0887        0.1413        -0.2166       -75.4         1.5160
618           290.8         0.0886        0.1413        0.2164        70.9          1.5240
619           290.7         0.0886        0.1412        -0.2121       -76.7         -5.0760
620           290.9         0.0885        0.1412        0.2153        72.2          1.5240
621           290.8         0.0886        0.1412        -0.2118       -76.7         0.0440
622           290.9         0.0885        0.1413        0.2169        70.5          1.5240
623           290.9         0.0885        0.1414        -0.2132       -74.6         1.5240
624           290.9         0.0883        0.1414        0.2151        70.7          1.5240
625           290.9         0.0883        0.1413        -0.2116       -76.5         1.4730
626           290.9         0.0883        0.1413        0.2184        70.9          1.5240
627           290.9         0.0884        0.1413        -0.2114       -75.6         1.5240
628           291.0         0.0882        0.1414        0.2158        70.9          1.5240
629           291.0         0.0882        0.1413        -0.2112       -75.4         1.5240
630           291.0         0.0882        0.1414        0.2146        71.0          1.5140
631           291.1         0.0882        0.1414        -0.2110       -75.3         1.5240
632           291.1         0.0881        0.1413        0.2147        72.5          0.1430
633           291.1         0.0881        0.1414        -0.2123       -74.9         1.5240
634           291.2         0.0879        0.1413        0.2142        72.6          1.5240
635           291.1         0.0879        0.1413        -0.2107       -77.5         0.0270
636           291.2         0.0879        0.1413        0.2138        72.8          1.5240
637           291.2         0.0879        0.1414        -0.2113       -74.8         1.5240
638           291.2         0.0878        0.1414        0.2150        70.7          1.5240
639           291.2         0.0877        0.1413        -0.2105       -75.3         1.5230
640           291.3         0.0878        0.1414        0.2137        71.0          1.5130
641           291.3         0.0878        0.1414        -0.2101       -75.4         1.5240
642           291.3         0.0875        0.1413        0.2132        70.7          1.5240
643           291.3         0.0876        0.1413        -0.2115       -74.9         1.5240
644           291.3         0.0875        0.1413        0.2134        71.2          1.5240
645           291.4         0.0842        0.1413        -0.2026       354.6         1.5240
646           291.2         0.0876        0.1412        -0.2098       -77.0         0.0110
647           291.4         0.0875        0.1412        0.2130        72.3          0.0430
648           291.4         0.0875        0.1412        -0.2104       -76.7         1.5240
649           291.4         0.0874        0.1412        0.2139        72.6          1.5240
650           291.4         0.0873        0.1412        -0.2096       -77.4         1.5240
651           291.5         0.0872        0.1413        0.2128        71.0          1.5240
652           291.4         0.0873        0.1412        -0.2093       -77.4         1.5240
653           291.5         0.0871        0.1413        0.2140        70.5          1.5240
654           291.5         0.0871        0.1413        -0.2106       -75.3         1.5240
655           291.5         0.0871        0.1414        0.2127        71.2          1.5240
656           291.5         0.0871        0.1413        -0.2092       -76.5         1.4700
657           291.6         0.0871        0.1413        0.2184        72.5          0.0440
658           291.6         0.0871        0.1413        -0.2087       -75.1         1.5240
659           291.6         0.0870        0.1413        0.2130        70.9          1.5240
660           291.6         0.0869        0.1412        -0.2089       -76.7         0.2760
661           291.6         0.0869        0.1413        0.2121        72.0          1.5240
662           291.6         0.0869        0.1412        -0.2086       -77.0         1.5240
663           291.7         0.0868        0.1413        0.2125        70.9          1.5240
664           291.6         0.0868        0.1412        -0.2094       -75.6         0.0400
665           291.7         0.0867        0.1413        0.2118        70.9          1.5240
666           291.7         0.0867        0.1413        -0.2083       -75.4         1.5240
667           291.8         0.0867        0.1413        0.2115        71.2          1.5240
668           291.8         0.0868        0.1414        -0.2095       -75.1         1.5240
669           291.8         0.0866        0.1413        0.2124        73.0          1.5240
670           291.8         0.0866        0.1414        -0.2083       -75.3         1.5230
671           291.9         0.0866        0.1414        0.2113        71.8          1.5240
672           291.8         0.0866        0.1413        -0.2080       -76.7         0.0430
673           291.9         0.0864        0.1414        0.2113        70.9          1.5240
674           291.9         0.0863        0.1413        -0.2092       -74.9         1.5240
675           291.9         0.0862        0.1414        0.2111        70.9          1.5240
676           291.9         0.0863        0.1412        -0.2076       -76.7         1.5240
677           291.9         0.0862        0.1413        0.2108        71.0          1.5240
678           292.0         0.0862        0.1414        -0.2085       -75.1         1.5240
679           292.0         0.0861        0.1414        0.2119        70.7          1.5240
680           292.0         0.0861        0.1413        -0.2074       -74.8         1.5240
681           292.1         0.0861        0.1412        0.2106        71.5          0.1540
682           292.1         0.0861        0.1413        -0.2072       -74.9         1.5240
683           292.1         0.0860        0.1413        0.2122        70.5          1.5240
684           292.1         0.0860        0.1414        -0.2083       -74.9         1.5240
685           292.1         0.0859        0.1414        0.2105        70.7          1.5240
686           292.1         0.0860        0.1412        -0.2070       -75.9         1.5240
687           292.1         0.0859        0.1414        0.2100        70.7          1.5240
688           292.2         0.0859        0.1414        -0.2069       -74.9         1.5240
689           292.2         0.0858        0.1414        0.2115        70.7          1.5240
690           292.1         0.0858        0.1413        -0.2069       -76.7         0.2760
691           292.3         0.0858        0.1413        0.2184        1798.9        0.1540
692           292.2         0.0859        0.1414        -0.2064       -75.1         1.5240
693           292.3         0.0857        0.1413        0.2102        72.5          1.5240
694           292.3         0.0857        0.1413        -0.2076       -75.1         1.5240
695           292.3         0.0855        0.1412        0.2097        73.1          0.0870
696           292.3         0.0857        0.1414        -0.2063       -75.4         1.5240
697           292.3         0.0856        0.1413        0.2094        71.2          1.5240
698           292.3         0.0855        0.1412        -0.2071       -77.4         1.5240
699           292.4         0.0854        0.1413        0.2103        73.1          1.5240
700           292.3         0.0854        0.1413        -0.2062       -76.7         1.5240
701           292.4         0.0902        0.1413        0.2094        71.8          0.0300
702           292.3         0.0855        0.1413        -0.2059       -76.7         0.0440
703           292.4         0.0854        0.1414        0.2092        72.8          0.0140
704           292.4         0.0854        0.1414        -0.2061       -75.1         1.5240
705           292.4         0.0852        0.1414        0.2092        71.2          1.5240
706           292.5         0.0853        0.1413        -0.2056       -74.8         1.5240
707           292.5         0.0852        0.1414        0.2088        71.0          1.5240
708           292.5         0.0852        0.1413        -0.2065       -75.1         1.5240
709           292.6         0.0850        0.1414        0.2099        71.0          1.5240
710           292.6         0.0851        0.1413        -0.2053       -74.9         1.5240
711           292.6         0.0851        0.1412        0.2086        73.1          1.4920
712           292.6         0.0851        0.1413        -0.2051       -75.1         1.5240
713           292.6         0.0850        0.1413        0.2098        70.9          1.5240
714           292.6         0.0849        0.1412        -0.2060       -75.6         1.5240
715           292.6         0.0848        0.1413        0.2084        71.4          1.5240
716           292.6         0.0849        0.1413        -0.2049       -74.8         1.5240
717           292.7         0.0849        0.1414        0.2080        70.7          1.5240
718           292.7         0.0849        0.1414        -0.2061       -74.9         1.5240
719           292.7         0.0848        0.1414        0.2095        70.7          1.5240
720           292.7         0.0848        0.1414        -0.2050       -75.3         1.5240
721           292.8         0.0847        0.1413        0.2078        72.5          1.4690
722           292.7         0.0847        0.1413        -0.2044       -75.4         1.5240
723           292.8         0.0846        0.1412        0.2080        72.8          1.5240
724           292.8         0.0847        0.1413        -0.2059       -74.9         1.5240
725           292.8         0.0845        0.1413        0.2078        70.5          1.5240
726           292.8         0.0846        0.1414        -0.2043       -75.3         1.5140
727           292.8         0.0846        0.1414        0.2075        71.0          1.5240
728           292.8         0.0846        0.1413        -0.2052       -75.3         1.5240
729           292.9         0.0845        0.1413        0.2091        71.5          1.5240
730           292.9         0.0845        0.1413        -0.2042       -74.9         1.5230
731           292.9         0.0844        0.1414        0.2074        70.7          1.5240
732           292.9         0.0845        0.1414        -0.2038       -75.1         1.5240
733           292.9         0.0844        0.1413        0.2086        70.7          1.5240
734           292.9         0.0843        0.1413        -0.2052       -74.9         1.5240
735           293.0         0.0842        0.1413        0.2071        70.7          1.5240
736           293.0         0.0843        0.1413        -0.2037       -74.8         1.5240
737           293.0         0.0842        0.1413        0.2068        71.2          1.5240
738           293.0         0.0842        0.1413        -0.2036       -74.8         1.5240
739           293.0         0.0841        0.1413        0.2076        71.0          1.5240
740           293.0         0.0841        0.1413        -0.2034       -74.8         1.5240
741           293.1         0.0841        0.1412        0.2066        73.0          0.0120
742           293.0         0.0842        0.1413        -0.2033       -75.4         1.5240
743           293.1         0.0840        0.1413        0.2072        73.0          1.5240
744           293.1         0.0841        0.1412        -0.2045       -75.6         1.5240
745           293.1         0.0839        0.1412        0.2065        73.0          0.0840
746           293.1         0.0840        0.1412        -0.2032       -75.7         0.0300
747           293.2         0.0840        0.1413        0.2063        72.5          0.0430
748           293.2         0.0840        0.1414        -0.2044       -75.3         1.5240
749           293.2         0.0839        0.1414        0.2077        70.9          1.5240
750           293.2         0.0839        0.1414        -0.2031       -74.8         1.5240
751           293.2         0.0839        0.1414        0.2061        71.0          1.5240
752           293.2         0.0839        0.1414        -0.2027       -74.9         1.5240
753           293.2         0.0838        0.1414        0.2058        71.2          1.5240
754           293.2         0.0838        0.1414        -0.2042       -75.1         1.5240
755           293.3         0.0837        0.1414        0.2060        71.4          1.5240
756           293.3         0.0838        0.1413        -0.2026       -75.3         1.5140
757           293.3         0.0837        0.1413        0.2056        71.2          1.5240
758           293.3         0.0837        0.1412        -0.2032       -76.7         1.5240
759           293.3         0.0836        0.1412        0.2058        71.5          1.5240
760           293.3         0.0836        0.1414        -0.2025       -74.9         1.5240
761           293.3         0.0835        0.1414        0.2055        71.2          1.5240
762           293.4         0.0836        0.1414        -0.2021       -75.1         1.5240
763           293.4         0.0835        0.1414        0.2066        70.9          1.5240
764           293.4         0.0835        0.1414        -0.2036       -74.8         1.5240
765           293.4         0.0834        0.1414        0.2054        71.0          1.5220
766           293.4         0.0835        0.1414        -0.2020       -75.1         1.5240
767           293.4         0.0834        0.1414        0.2051        71.0          1.5240
768           293.4         0.0834        0.1413        -0.2019       -75.3         1.5240
769           293.5         0.0833        0.1414        0.2062        71.0          1.5240
770           293.5         0.0834        0.1414        -0.2020       -75.1         1.5240
771           293.6         0.0833        0.1413        0.2050        73.1          1.4910
772           293.5         0.0834        0.1413        -0.2016       -77.0         1.5240
773           293.5         0.0832        0.1414        0.2059        70.4          1.5240
774           293.5         0.0832        0.1413        -0.2025       -74.9         1.5240
775           293.5         0.0831        0.1414        0.2049        70.9          1.5240
776           293.5         0.0831        0.1413        -0.2016       -77.2         1.5240
777           293.6         0.0831        0.1414        0.2046        71.2          1.5240
778           293.6         0.0831        0.1415        -0.2024       -75.1         1.5240
779           293.6         0.0830        0.1414        0.2055        71.0          1.5240
780           293.6         0.0830        0.1414        -0.2014       -74.9         1.5240
781           293.7         0.0830        0.1412        0.2043        72.2          0.0170
782           293.7         0.0831        0.1413        -0.2011       -74.9         1.5240
783           293.7         0.0829        0.1413        0.2041        71.0          1.5240
784           293.7         0.0830        0.1413        -0.2026       -74.9         1.5240
785           293.7         0.0828        0.1413        0.2043        70.7          1.5240
786           293.7         0.0830        0.1413        -0.2010       -75.3         1.5150
787           293.7         0.0829        0.1414        0.2041        71.2          1.5240
788           293.7         0.0829        0.1413        -0.2016       -75.3         1.5160
789           293.7         0.0828        0.1413        0.2043        71.0          1.5240
790           293.7         0.0828        0.1414        -0.2009       -77.4         1.5240
791           293.8         0.0828        0.1413        0.2041        72.0          1.5240
792           293.8         0.0829        0.1413        -0.2006       -75.1         1.5240
793           293.8         0.0828        0.1414        0.2054        71.0          1.5240
794           293.8         0.0827        0.1413        -0.2020       -75.1         1.5240
795           293.8         0.0827        0.1414        0.2039        71.4          1.5240
796           293.7         0.0827        0.1413        -0.2006       -76.5         1.4710
797           293.8         0.0826        0.1413        0.2034        70.9          1.5240
798           293.9         0.0827        0.1414        -0.2005       -74.9         1.5240
799           293.9         0.0826        0.1414        0.2050        70.9          1.5240
800           293.8         0.0826        0.1413        -0.2005       -76.7         0.0160
801           294.0         0.0826        0.1413        0.2035        73.0          0.0110
802           293.9         0.0826        0.1414        -0.2001       -75.1         1.5240
803           293.9         0.0826        0.1414        0.2041        71.0          1.5240
804           293.9         0.0826        0.1414        -0.2014       -75.1         1.5240
805           294.0         0.0824        0.1414        0.2035        70.9          1.5240
806           293.9         0.0825        0.1413        -0.2001       -75.7         0.0140
807           294.0         0.0825        0.1413        0.2032        73.3          1.5240
808           294.0         0.0889        0.1414        -0.2008       -74.8         1.5240
809           294.0         0.0823        0.1414        0.2034        70.9          1.5240
810           294.0         0.0824        0.1414        -0.2000       -74.9         1.5240
811           294.1         0.0824        0.1413        0.2030        71.8          1.5240
812           294.0         0.0824        0.1413        -0.1998       -75.3         1.5240
813           294.0         0.0823        0.1414        0.2028        71.2          1.5240
814           294.0         0.0822        0.1413        -0.2006       -74.4         1.5240
815           294.0         0.0822        0.1413        0.2029        71.0          1.5240
816           294.0         0.0823        0.1413        -0.1995       -77.2         1.4920
817           294.1         0.0822        0.1413        0.2026        71.4          1.5240
818           294.1         0.0822        0.1413        -0.2005       -75.1         1.5240
819           294.1         0.0821        0.1413        0.2038        73.0          1.5240
820           294.1         0.0821        0.1413        -0.1995       -77.4         1.5240
821           294.1         0.0821        0.1413        0.2025        71.0          1.5240
822           294.1         0.0822        0.1413        -0.1993       -75.1         1.5240
823           294.2         0.0821        0.1413        0.2037        71.0          1.5240
824           294.1         0.0821        0.1413        -0.2005       -75.1         1.5240
825           294.2         0.0819        0.1414        0.2026        71.4          1.5240
826           294.2         0.0822        0.1413        -0.1992       -75.1         1.5240
827           294.2         0.0820        0.1412        0.2021        72.6          0.0430
828           294.1         0.0820        0.1412        -0.1989       -76.9         1.5240
829           294.2         0.0819        0.1413        0.2034        70.9          1.5240
830           294.2         0.0819        0.1412        -0.1993       -76.7         0.0150
831           294.2         0.0820        0.1413        0.2022        70.9          1.5240
832           294.2         0.0819        0.1413        -0.1987       -75.1         1.5240
833           294.2         0.0819        0.1414        0.2027        71.0          1.5240
834           294.3         0.0819        0.1413        -0.2003       -74.9         1.5240
835           294.3         0.0817        0.1413        0.2021        70.7          1.5240
836           294.3         0.0819        0.1413        -0.1987       -74.8         1.5240
837           294.3         0.0818        0.1414        0.2018        70.9          1.5240
838           294.3         0.0818        0.1414        -0.1997       -74.8         1.5240
839           294.4         0.0817        0.1413        0.2223        71.2          1.5240
840           294.3         0.0817        0.1413        -0.1989       -75.1         1.5220
841           294.3         0.0817        0.1414        0.2018        71.4          1.5240
842           294.3         0.0818        0.1413        -0.1985       -74.9         1.5240
843           294.4         0.0816        0.1413        0.2026        71.0          1.5240
844           294.4         0.0817        0.1413        -0.1987       -74.8         1.5240
845           294.4         0.0816        0.1413        0.2016        71.2          1.5240
846           294.3         0.0816        0.1413        -0.1984       -76.5         1.4710
847           294.4         0.0816        0.1413        0.2014        71.4          1.5240
848           294.4         0.0816        0.1413        -0.1984       -76.9         1.5240
849           294.4         0.0815        0.1414        0.2027        70.9          1.5240
850           294.4         0.0815        0.1413        -0.1984       -77.0         0.0930
851           294.4         0.0815        0.1414        0.2014        70.9          1.5240
852           294.4         0.0816        0.1414        -0.1982       -74.9         1.5240
853           294.5         0.0815        0.1414        0.2021        71.0          1.5240
854           294.5         0.0815        0.1414        -0.1991       -74.9         1.5240
855           294.5         0.0814        0.1414        0.2013        70.9          1.5240
856           294.5         0.0814        0.1414        -0.1981       -75.4         1.5240
857           294.5         0.0814        0.1413        0.2010        71.2          1.5240
858           294.5         0.0814        0.1413        -0.1987       -74.8         1.5240
859           294.5         0.0813        0.1414        0.2022        70.9          1.5240
860           294.5         0.0813        0.1412        -0.1980       -76.7         0.1230
861           294.5         0.0813        0.1414        0.2009        71.0          1.5240
862           294.6         0.0814        0.1413        -0.1976       -75.1         1.5240
863           294.6         0.0813        0.1414        0.2010        71.0          1.5240
