计数            温度            样品电压          样品电流          霍尔电势          磁场强度          励磁电流
1             297.6         -0.2963       -0.5635       -0.0902       65.7          1.4150
2             297.6         -0.2970       -0.5635       -0.0905       66.7          1.4150
3             297.7         -0.2932       -0.5552       -0.0891       60.9          1.4150
4             297.6         -0.2818       -0.5537       -0.0801       39.1          1.4150
5             297.6         -0.2548       -0.5472       -0.0625       11.2          1.4150
6             297.7         -0.2073       -0.5401       0.0013        11.2          0.1550
7             297.7         -0.2164       -0.5389       0.0598        -17.9         0.7620
8             297.6         -0.2610       -0.5312       0.0783        -42.7         1.4130
9             297.6         -0.2741       -0.5312       0.0824        -63.6         1.4150
10            297.6         -0.2773       -0.5308       0.0834        -66.9         1.4150
11            297.6         -0.2766       -0.5272       0.0826        -68.6         1.4150
12            297.6         -0.2751       -0.5227       0.0830        -69.6         1.4150
13            297.6         -0.2757       -0.5156       0.0820        -68.2         1.4150
14            297.6         -0.2658       -0.5148       0.0761        -38.8         1.4150
15            297.6         -0.2454       -0.5067       0.0608        -38.8         1.4150
16            297.5         -0.2008       -0.5067       0.0148        -17.1         0.0850
17            297.6         -0.1896       -0.4987       -0.0460       9.6           0.8120
18            297.6         -0.1784       -0.4987       -0.0712       42.8          1.3750
19            297.6         -0.2565       -0.4987       -0.0780       61.8          1.3750
20            297.6         -0.2562       -0.4906       -0.0778       64.1          1.4150
21            297.6         -0.2575       -0.4906       -0.0784       65.9          1.4150
22            297.6         -0.2567       -0.4824       -0.0774       65.9          1.4150
23            297.6         -0.2545       -0.4824       -0.0776       66.7          1.4150
24            297.7         -0.2521       -0.4744       -0.0739       63.3          1.4160
25            297.6         -0.2305       -0.4744       -0.0607       34.1          1.4160
26            297.6         -0.1990       -0.4744       -0.0278       11.5          0.1490
27            297.7         -0.1669       -0.4664       0.0308        -23.0         0.8770
28            297.7         -0.2147       -0.4664       0.0642        -51.6         0.8770
29            297.6         -0.2342       -0.4582       0.0703        -63.6         1.4130
30            297.6         -0.2385       -0.4581       0.0717        -67.4         1.4150
31            297.6         -0.2359       -0.4501       0.0710        -67.4         1.4150
32            297.6         -0.2367       -0.4501       0.0713        -68.6         1.4150
33            297.6         -0.2350       -0.4419       0.0702        -69.5         1.4150
34            297.6         -0.2328       -0.4419       0.0678        -64.5         1.4150
35            297.6         -0.2171       -0.4419       0.0580        -39.0         1.4150
36            297.6         -0.1907       -0.4339       0.0383        -10.1         0.2000
37            297.6         -0.1530       -0.4317       -0.0226       18.1          0.2000
38            297.6         -0.1924       -0.4258       -0.0563       42.7          0.8080
39            297.6         -0.2143       -0.4186       -0.0654       61.4          1.3420
40            297.6         -0.2172       -0.4177       -0.0660       61.4          1.4150
41            297.6         -0.2190       -0.4161       -0.0665       64.1          1.4150
42            297.6         -0.2154       -0.4093       -0.0655       65.4          1.4150
43            297.6         -0.2158       -0.4093       -0.0657       66.7          1.4150
44            297.7         -0.2135       -0.4045       -0.0636       57.0          1.4150
45            297.7         -0.2007       -0.4013       -0.0565       28.1          1.4160
46            297.7         -0.1830       -0.3929       -0.0400       28.1          1.4160
47            297.7         -0.1409       -0.3929       0.0099        4.9           0.5080
48            297.7         -0.1671       -0.3929       0.0478        -38.8         1.2150
49            297.6         -0.1894       -0.3848       0.0575        -61.2         1.2150
50            297.6         -0.1993       -0.3777       0.0599        -61.2         1.4150
51            297.6         -0.1971       -0.3768       0.0592        -66.7         1.4150
52            297.6         -0.1978       -0.3768       0.0595        -68.5         1.4150
53            297.6         -0.1942       -0.3687       0.0585        -69.6         1.4150
54            297.6         -0.1944       -0.3687       0.0586        -69.6         1.4150
55            297.6         -0.1850       -0.3606       0.0518        -58.2         1.4150
56            297.6         -0.1684       -0.3606       0.0390        -27.5         1.4150
57            297.6         -0.1320       -0.3579       0.0013        -1.6          0.3740
58            297.6         -0.1398       -0.3526       -0.0389       31.7          0.3740
59            297.6         -0.1707       -0.3453       -0.0522       31.7          1.1030
60            297.6         -0.1783       -0.3445       -0.0540       59.7          1.4150
61            297.6         -0.1801       -0.3364       -0.0547       63.3          1.4150
62            297.6         -0.1767       -0.3364       -0.0537       65.4          1.4150
63            297.6         -0.1773       -0.3364       -0.0539       66.4          1.4150
64            297.6         -0.1733       -0.3284       -0.0528       65.7          1.4150
65            297.7         -0.1698       -0.3284       -0.0485       65.1          1.4150
66            297.6         -0.1516       -0.3203       -0.0393       64.4          1.4150
67            297.7         -0.1295       -0.3203       -0.0107       -10.3         0.0350
68            297.7         -0.1186       -0.3122       0.0179        -10.3         0.6050
69            297.7         -0.1478       -0.3122       0.0443        -37.0         1.3920
70            297.6         -0.1605       -0.3122       0.0481        -64.5         1.3920
71            297.6         -0.1585       -0.3042       0.0476        -67.5         1.4150
72            297.6         -0.1594       -0.2967       0.0479        -67.5         1.4150
73            297.6         -0.1555       -0.2958       0.0468        -68.8         1.4150
74            297.6         -0.1559       -0.2876       0.0469        -69.6         1.4110
75            297.6         -0.1503       -0.2876       0.0431        -60.3         1.4070
76            297.6         -0.1386       -0.2876       0.0367        -34.3         1.4030
77            297.6         -0.1185       -0.2805       0.0174        -4.5          0.3140
78            297.6         -0.0999       -0.2793       -0.0214       23.5          0.3140
79            297.6         -0.1288       -0.2710       -0.0373       48.0          0.9220
80            297.6         -0.1383       -0.2710       -0.0419       62.2          1.4100
81            297.6         -0.1411       -0.2628       -0.0417       62.2          1.4150
82            297.6         -0.1378       -0.2628       -0.0418       64.6          1.4150
83            297.6         -0.1382       -0.2547       -0.0420       65.7          1.4150
84            297.6         -0.1343       -0.2547       -0.0408       66.7          1.4150
85            297.7         -0.1339       -0.2547       -0.0397       60.4          1.4150
86            297.7         -0.1335       -0.2467       -0.0335       30.6          1.4150
87            297.7         -0.1331       -0.2467       -0.0200       6.4           1.4150
88            297.7         -0.0842       -0.2387       0.0107        -18.5         0.2440
89            297.7         -0.1061       -0.2386       0.0308        -18.5         0.7790
90            297.6         -0.1183       -0.2386       0.0350        -52.7         1.4150
91            297.6         -0.1198       -0.2306       0.0358        -66.2         1.4150
92            297.6         -0.1207       -0.2233       0.0362        -68.3         1.4150
93            297.6         -0.1167       -0.2160       0.0350        -68.3         1.4150
94            297.6         -0.1171       -0.2160       0.0352        -69.3         1.4150
95            297.6         -0.1128       -0.2140       0.0336        -60.7         1.4160
96            297.6         -0.1076       -0.2141       0.0296        -36.4         1.4160
97            297.6         -0.0937       -0.2060       0.0198        -36.4         1.4160
98            297.6         -0.0734       -0.2060       -0.0038       -4.8          0.4740
99            297.6         -0.0832       -0.1984       -0.0243       36.9          1.2140
100           297.6         -0.0976       -0.1980       -0.0300       59.1          1.2140
101           297.6         -0.1001       -0.1898       -0.0297       63.0          1.4150
102           297.6         -0.0993       -0.1898       -0.0300       65.2          1.4150
103           297.6         -0.0997       -0.1817       -0.0291       65.2          1.4150
104           297.6         -0.0958       -0.1817       -0.0290       66.4          1.4150
105           297.7         -0.0959       -0.1736       -0.0291       66.8          1.4150
106           297.7         -0.0885       -0.1736       -0.0249       67.3          1.4150
107           297.6         -0.0803       -0.1737       -0.0196       67.8          0.0860
108           297.7         -0.0621       -0.1658       -0.0014       -7.2          0.5400
109           297.7         -0.0649       -0.1659       0.0188        -35.6         0.5400
110           297.7         -0.0766       -0.1660       0.0227        -59.1         1.1480
111           297.6         -0.0813       -0.1578       0.0243        -66.1         1.4150
112           297.6         -0.0803       -0.1499       0.0233        -66.1         1.4150
113           297.6         -0.0784       -0.1500       0.0235        -67.8         1.4150
114           297.6         -0.0788       -0.1500       0.0236        -69.0         1.4150
115           297.6         -0.0746       -0.1418       0.0224        -67.5         1.4150
116           297.6         -0.0729       -0.1345       0.0208        -38.8         1.4160
117           297.6         -0.0636       -0.1337       0.0161        -38.8         1.4160
118           297.6         -0.0543       -0.1256       0.0043        -18.8         0.2490
119           297.6         -0.0468       -0.1256       -0.0122       17.2          0.8570
120           297.6         -0.0600       -0.1255       -0.0177       44.9          1.3790
121           297.6         -0.0604       -0.1176       -0.0181       61.7          1.4150
122           297.6         -0.0612       -0.1175       -0.0185       64.4          1.4150
123           297.6         -0.0586       -0.1096       -0.0173       65.5          1.4150
124           297.6         -0.0575       -0.1096       -0.0174       66.7          1.4150
125           297.6         -0.0577       -0.1015       -0.0161       66.7          1.4150
126           297.7         -0.0526       -0.1016       -0.0154       62.5          1.4150
127           297.7         -0.0489       -0.1016       -0.0132       40.9          1.4150
128           297.7         -0.0396       -0.0933       -0.0050       1.5           1.4150
129           297.7         -0.0335       -0.0862       0.0060        -31.4         0.3490
130           297.7         -0.0390       -0.0850       0.0112        -31.4         1.0560
131           297.6         -0.0431       -0.0850       0.0128        -57.5         1.4150
132           297.6         -0.0399       -0.0769       0.0118        -66.7         1.4150
133           297.7         -0.0401       -0.0769       0.0119        -68.3         1.4150
134           297.6         -0.0379       -0.0687       0.0106        -68.3         1.4150
135           297.7         -0.0360       -0.0687       0.0106        -69.5         1.4150
136           297.6         -0.0360       -0.0606       0.0092        -69.3         1.4150
137           297.6         -0.0299       -0.0606       0.0079        -69.1         1.4150
138           297.6         -0.0264       -0.0607       0.0048        -69.0         0.0450
139           297.6         -0.0187       -0.0526       -0.0021       16.2          0.7630
140           297.6         -0.0233       -0.0526       -0.0067       44.1          0.7630
141           297.6         -0.0223       -0.0441       -0.0065       59.9          1.3680
142           297.6         -0.0228       -0.0428       -0.0067       64.1          1.4150
143           297.6         -0.0187       -0.0360       -0.0056       64.1          1.4150
144           297.6         -0.0188       -0.0360       -0.0055       65.5          1.4150
145           297.6         -0.0150       -0.0289       -0.0043       66.7          1.4150
146           297.7         -0.0146       -0.0281       -0.0043       58.3          1.4150
147           297.7         -0.0137       -0.0200       -0.0027       58.3          1.4150
148           297.7         -0.0088       -0.0200       -0.0020       27.0          1.4150
149           297.7         -0.0071       -0.0200       0.0000        -2.9          0.4810
150           297.7         -0.0048       -0.0119       0.0011        -40.4         0.4810
151           297.7         -0.0056       -0.0047       0.0014        -63.2         1.2500
152           297.6         -0.0017       -0.0039       0.0003        -63.2         1.4150
153           297.6         -0.0018       -0.0039       0.0003        -66.6         1.4150
154           297.6         0.0025        0.0043        0.0003        -68.5         1.4150
155           297.6         0.0025        0.0043        -0.0010       -69.6         1.4150
156           297.6         0.0061        0.0124        -0.0022       -63.5         1.4150
157           297.6         0.0064        0.0123        -0.0020       -41.1         1.4150
158           297.6         0.0069        0.0203        -0.0025       -12.7         1.4150
159           297.6         0.0075        0.0203        0.0002        -12.7         0.1560
160           297.6         0.0082        0.0284        0.0033        16.2          0.7630
161           297.6         0.0139        0.0283        0.0046        40.9          1.4140
162           297.6         0.0148        0.0283        0.0048        61.0          1.4150
163           297.6         0.0193        0.0364        0.0061        64.1          1.4150
164           297.6         0.0194        0.0364        0.0061        65.9          1.4150
165           297.6         0.0237        0.0447        0.0075        65.9          1.4150
166           297.7         0.0238        0.0518        0.0075        66.8          1.4150
167           297.7         0.0272        0.0518        0.0080        53.3          1.4150
168           297.7         0.0254        0.0526        0.0066        23.0          0.0440
169           297.7         0.0220        0.0607        0.0013        -4.0          0.0440
170           297.7         0.0231        0.0609        -0.0060       -29.0         0.4710
171           297.7         0.0292        0.0681        -0.0091       -60.3         1.0050
172           297.6         0.0358        0.0690        -0.0111       -60.3         1.4150
173           297.6         0.0363        0.0771        -0.0115       -65.6         1.4150
174           297.6         0.0408        0.0771        -0.0126       -67.5         1.4150
175           297.7         0.0409        0.0771        -0.0126       -69.0         1.4150
176           297.6         0.0452        0.0851        -0.0140       -69.8         1.4040
177           297.6         0.0448        0.0851        -0.0131       -70.6         1.3920
178           297.6         0.0450        0.0933        -0.0120       -71.4         1.3920
179           297.6         0.0391        0.0934        -0.0053       -3.7          1.3810
180           297.6         0.0344        0.1014        0.0071        29.6          0.3310
181           297.6         0.0469        0.1015        0.0146        29.6          1.0550
182           297.6         0.0522        0.1097        0.0173        56.2          1.4150
183           297.7         0.0575        0.1097        0.0177        62.2          1.4150
184           297.6         0.0579        0.1097        0.0184        64.7          1.4150
185           297.7         0.0624        0.1180        0.0193        66.0          1.4150
186           297.6         0.0625        0.1179        0.0193        67.0          1.4150
187           297.7         0.0669        0.1261        0.0198        52.2          1.4150
188           297.7         0.0623        0.1260        0.0172        30.1          1.4150
189           297.7         0.0592        0.1341        0.0120        30.1          0.2460
190           297.7         0.0474        0.1341        -0.0071       0.0           0.6220
191           297.7         0.0625        0.1382        -0.0190       -36.1         1.1560
192           297.7         0.0718        0.1422        -0.0221       -62.5         1.1560
193           297.6         0.0742        0.1495        -0.0226       -66.9         1.4150
194           297.7         0.0791        0.1504        -0.0242       -66.9         1.4150
195           297.7         0.0794        0.1584        -0.0246       -68.5         1.4150
196           297.7         0.0838        0.1584        -0.0256       -69.1         1.4150
197           297.6         0.0839        0.1584        -0.0251       -68.0         1.4150
198           297.6         0.0833        0.1663        -0.0233       -43.8         1.4150
199           297.6         0.0756        0.1662        -0.0169       -16.6         1.4150
200           297.6         0.0624        0.1744        0.0048        -16.6         0.0910
201           297.6         0.0746        0.1744        0.0222        20.7          0.8650
202           297.6         0.0883        0.1827        0.0281        45.4          1.4150
203           297.6         0.0951        0.1827        0.0292        61.8          1.4150
204           297.7         0.0960        0.1827        0.0307        64.4          1.4150
205           297.7         0.1007        0.1908        0.0309        66.0          1.4150
206           297.6         0.1010        0.1914        0.0317        66.7          1.4150
207           297.7         0.1055        0.1989        0.0323        61.8          1.4150
208           297.7         0.1018        0.2044        0.0291        32.2          1.4150
209           297.7         0.0971        0.2068        0.0229        32.2          1.4150
210           297.7         0.0765        0.2081        0.0006        8.6           0.1970
211           297.7         0.0850        0.2147        -0.0238       -16.4         0.9230
212           297.7         0.1042        0.2147        -0.0322       -50.3         1.4150
213           297.7         0.1151        0.2215        -0.0351       -64.0         1.4150
214           297.7         0.1168        0.2227        -0.0355       -67.4         1.4150
215           297.7         0.1174        0.2261        -0.0369       -68.8         1.4150
216           297.7         0.1221        0.2310        -0.0372       -69.5         1.4150
217           297.6         0.1223        0.2383        -0.0373       -69.5         1.4150
218           297.6         0.1240        0.2392        -0.0357       -62.7         1.4150
219           297.6         0.1143        0.2392        -0.0287       -31.6         1.4150
220           297.6         0.0980        0.2473        -0.0072       -6.7          0.2620
221           297.6         0.0925        0.2473        0.0228        26.5          0.2620
222           297.6         0.0870        0.2555        0.0374        26.5          0.9920
223           297.7         0.1320        0.2593        0.0404        58.1          1.4150
224           297.6         0.1359        0.2593        0.0423        63.6          1.4150
225           297.7         0.1390        0.2637        0.0426        65.5          1.4150
226           297.7         0.1398        0.2717        0.0440        66.5          1.4150
227           297.7         0.1438        0.2717        0.0441        66.5          1.4150
228           297.7         0.1426        0.2717        0.0415        63.5          1.4150
229           297.7         0.1356        0.2797        0.0366        26.5          1.4150
230           297.7         0.1193        0.2797        0.0167        2.7           1.4150
231           297.7         0.1031        0.2879        -0.0218       2.7           0.3240
232           297.7         0.1344        0.2898        -0.0398       -33.2         1.0930
233           297.7         0.1513        0.2898        -0.0460       -57.7         1.4150
234           297.7         0.1545        0.2959        -0.0469       -66.7         1.4150
235           297.7         0.1593        0.3040        -0.0485       -68.2         1.4150
236           297.7         0.1603        0.3040        -0.0487       -69.5         1.4150
237           297.7         0.1608        0.3121        -0.0502       -69.5         1.4150
238           297.6         0.1644        0.3120        -0.0486       -68.5         1.4150
239           297.6         0.1542        0.3120        -0.0422       -67.5         1.4150
240           297.6         0.1413        0.3200        -0.0261       -66.6         1.4150
241           297.6         0.1129        0.3273        0.0143        -66.6         0.2370
242           297.6         0.1460        0.3282        0.0437        24.4          1.1490
243           297.7         0.1650        0.3282        0.0510        56.7          1.4150
244           297.7         0.1754        0.3363        0.0536        63.6          1.4150
245           297.7         0.1768        0.3363        0.0541        65.2          1.4150
246           297.6         0.1811        0.3446        0.0557        66.5          1.4150
247           297.7         0.1822        0.3446        0.0559        66.5          1.4150
248           297.7         0.1843        0.3527        0.0564        67.0          1.4150
249           297.7         0.1776        0.3526        0.0499        50.6          1.4150
250           297.7         0.1613        0.3526        0.0352        22.3          0.0080
251           297.7         0.1285        0.3608        -0.0079       -5.0          0.4880
252           297.7         0.1522        0.3608        -0.0447       -38.8         1.2160
253           297.7         0.1823        0.3689        -0.0563       -61.7         1.2160
254           297.7         0.1919        0.3689        -0.0580       -65.7         1.4150
255           297.7         0.1976        0.3769        -0.0599       -65.7         1.4150
256           297.7         0.1985        0.3769        -0.0602       -68.2         1.4150
257           297.7         0.2033        0.3849        -0.0618       -69.6         1.4150
258           297.6         0.2037        0.3852        -0.0617       -64.8         1.4150
259           297.6         0.1980        0.3933        -0.0563       -64.8         1.4150
260           297.6         0.1826        0.3932        -0.0444       -32.5         1.4150
261           297.6         0.1479        0.4014        -0.0025       -12.2         0.3610
262           297.6         0.1580        0.4014        0.0474        22.3          0.9700
263           297.6         0.1961        0.4015        0.0602        50.1          1.4140
264           297.7         0.2121        0.4094        0.0647        62.5          1.4150
265           297.7         0.2145        0.4094        0.0656        64.7          1.4150
266           297.7         0.2199        0.4176        0.0673        65.9          1.4150
267           297.7         0.2205        0.4176        0.0675        65.9          1.4150
268           297.7         0.2250        0.4259        0.0690        66.8          1.4150
269           297.7         0.2210        0.4259        0.0632        53.3          1.4150
270           297.7         0.2037        0.4293        0.0534        28.3          0.2010
271           297.7         0.1762        0.4338        0.0143        -2.1          0.4270
272           297.7         0.1609        0.4371        -0.0435       -30.3         0.4270
273           297.7         0.1457        0.4419        -0.0633       -55.3         1.0350
274           297.7         0.2276        0.4490        -0.0688       -65.4         1.4150
275           297.7         0.2351        0.4499        -0.0712       -65.4         1.4150
276           297.7         0.2365        0.4555        -0.0717       -67.7         1.4150
277           297.7         0.2414        0.4579        -0.0733       -68.8         1.4150
278           297.7         0.2419        0.4579        -0.0735       -69.8         1.4150
279           297.6         0.2424        0.4662        -0.0708       -58.3         1.4150
280           297.6         0.2261        0.4663        -0.0604       -28.0         0.1480
281           297.6         0.1994        0.4741        -0.0232       -2.4          0.1480
282           297.6         0.1713        0.4741        0.0339        22.0          0.3570
283           297.6         0.2199        0.4813        0.0658        54.9          0.8920
284           297.7         0.2461        0.4821        0.0755        54.9          1.4150
285           297.7         0.2518        0.4904        0.0774        62.3          1.4150
286           297.7         0.2576        0.4904        0.0788        64.4          1.4150
287           297.7         0.2585        0.4904        0.0791        65.9          1.4150
288           297.7         0.2636        0.4987        0.0806        66.7          1.4150
289           297.7         0.2633        0.4987        0.0784        53.9          1.4150
290           297.7         0.2630        0.5068        0.0680        29.0          1.4150
291           297.7         0.2627        0.5068        0.0443        7.8           1.4150
292           297.7         0.1802        0.5149        -0.0224       -26.1         0.2150
293           297.7         0.2283        0.5149        -0.0679       -26.1         0.9430
294           297.7         0.2590        0.5149        -0.0792       -52.8         1.4150
295           297.7         0.2723        0.5230        -0.0824       -65.4         1.4150
296           297.7         0.2742        0.5230        -0.0831       -68.0         1.4150
297           297.7         0.2796        0.5312        -0.0848       -68.0         1.4150
298           297.7         0.2804        0.5375        -0.0851       -69.5         1.4150
299           297.6         0.2851        0.5393        -0.0854       -69.9         1.4150
300           297.6         0.2714        0.5393        -0.0745       -70.4         1.4150
301           297.6         0.2467        0.5474        -0.0547       -70.9         0.0120
302           297.6         0.1958        0.5475        0.0104        11.1          0.6510
303           297.6         0.2311        0.5557        0.0713        38.9          0.6510
304           297.7         0.2762        0.5557        0.0849        58.6          1.2590
305           297.7         0.2887        0.5630        0.0880        63.8          1.4150
306           297.7         0.2954        0.5638        0.0903        63.8          1.4150
307           297.7         0.2969        0.5718        0.0913        65.4          1.4150
308           297.7         0.3018        0.5718        0.0924        66.2          1.4150
309           297.7         0.3023        0.5718        0.0921        67.0          1.4150
310           297.7         0.2948        0.5799        0.0841        46.5          1.4150
311           297.7         0.2705        0.5798        0.0664        19.8          1.4150
312           297.7         0.2231        0.5880        -0.0005       19.8          0.0150
313           297.7         0.2351        0.5918        -0.0646       -17.2         0.9230
314           297.7         0.2865        0.5918        -0.0877       -50.3         1.4140
315           297.7         0.3083        0.5963        -0.0933       -65.3         1.4140
316           297.7         0.3123        0.6046        -0.0956       -67.8         1.4150
317           297.7         0.3176        0.6046        -0.0963       -67.8         1.4150
318           297.7         0.3185        0.6126        -0.0966       -69.0         1.4150
319           297.6         0.3234        0.6126        -0.0982       -69.8         1.4150
320           297.6         0.3154        0.6126        -0.0906       -53.8         1.4150
321           297.6         0.2953        0.6207        -0.0761       -24.6         0.0440
322           297.6         0.2530        0.6208        -0.0140       2.8           0.0440
323           297.6         0.2383        0.6289        0.0592        27.2          0.4700
324           297.6         0.2236        0.6289        0.0903        57.6          1.0050
325           297.7         0.3260        0.6368        0.1002        57.6          1.4150
326           297.7         0.3328        0.6368        0.1015        63.0          1.4150
327           297.7         0.3349        0.6450        0.1035        64.7          1.4150
328           297.7         0.3398        0.6450        0.1040        66.2          1.4150
329           297.7         0.3406        0.6449        0.1052        67.0          1.4040
330           297.7         0.3417        0.6531        0.1003        67.8          1.3930
331           297.7         0.3178        0.6531        0.0837        68.6          1.3930
332           297.7         0.2775        0.6612        0.0386        2.4           1.3820
333           297.7         0.2366        0.6636        -0.0445       -31.4         0.3290
334           297.7         0.3086        0.6694        -0.0931       -31.4         1.0550
335           297.7         0.3425        0.6694        -0.1035       -58.7         1.4150
336           297.7         0.3524        0.6694        -0.1067       -64.9         1.4150
337           297.7         0.3553        0.6774        -0.1076       -68.2         1.4150
338           297.7         0.3581        0.6854        -0.1093       -69.3         1.4150
339           297.7         0.3615        0.6855        -0.1097       -69.5         1.4150
340           297.6         0.3614        0.6936        -0.1068       -69.5         1.4150
341           297.6         0.3613        0.6936        -0.0930       -69.6         1.4150
342           297.6         0.3612        0.7016        -0.0614       -69.8         0.0330
343           297.6         0.2471        0.7016        0.0321        6.7           0.5920
344           297.6         0.3122        0.7017        0.0944        43.6          0.5920
345           297.7         0.3582        0.7098        0.1097        61.4          1.3630
346           297.7         0.3692        0.7098        0.1126        61.4          1.4150
347           297.7         0.3759        0.7098        0.1149        64.1          1.4150
348           297.7         0.3778        0.7178        0.1155        65.9          1.4150
349           297.7         0.3799        0.7199        0.1171        66.8          1.4150
350           297.7         0.3834        0.7257        0.1151        56.5          1.4150
351           297.7         0.3627        0.7322        0.1027        34.1          1.4150
352           297.7         0.3334        0.7339        0.0753        5.3           1.4150
353           297.7         0.2639        0.7420        -0.0207       5.3           0.2650
354           297.7         0.3173        0.7420        -0.0922       -22.9         0.8730
355           297.7         0.3665        0.7500        -0.1118       -47.8         1.4150
356           297.7         0.3886        0.7500        -0.1175       -64.6         1.4150
357           297.7         0.3924        0.7500        -0.1187       -81.4         1.4150
358           297.7         0.3981        0.7577        -0.1206       -69.0         1.4150
359           297.7         0.3992        0.7580        -0.1211       -69.8         1.4150
360           297.7         0.4018        0.7661        -0.1223       -64.5         1.4150
361           297.6         0.3898        0.7661        -0.1103       -34.1         1.4150
362           297.6         0.3574        0.7742        -0.0840       -34.1         1.4150
363           297.6         0.2848        0.7742        -0.0026       -10.1         0.1980
364           297.6         0.3068        0.7825        0.0862        14.6          0.9250
365           297.7         0.3785        0.7825        0.1172        48.0          1.4150
366           297.7         0.4048        0.7825        0.1233        61.4          1.4150
367           297.7         0.4132        0.7906        0.1261        64.4          1.4150
368           297.7         0.4151        0.7906        0.1269        65.9          1.4150
369           297.7         0.4203        0.7986        0.1287        65.9          1.4160
370           297.7         0.4214        0.7986        0.1290        66.8          1.4160
371           297.7         0.4145        0.8010        0.1207        67.8          1.4160
372           297.7         0.3847        0.8064        0.0973        68.8          1.4160
373           297.7         0.3204        0.8138        0.0244        -2.5          0.0190
374           297.7         0.3035        0.8145        -0.0729       -36.6         0.4400
375           297.7         0.2866        0.8224        -0.1176       -36.6         1.1670
376           297.7         0.4232        0.8224        -0.1277       -60.9         1.4150
377           297.7         0.4288        0.8307        -0.1296       -65.6         1.4150
378           297.7         0.4356        0.8307        -0.1319       -68.0         1.4150
379           297.7         0.4369        0.8306        -0.1324       -69.1         1.4150
380           297.7         0.4419        0.8385        -0.1340       -69.8         1.4150
381           297.6         0.4382        0.8386        -0.1262       -70.4         1.4150
382           297.6         0.4344        0.8467        -0.1087       -71.1         1.4150
383           297.6         0.4307        0.8467        -0.0527       3.8           0.1340
384           297.6         0.3019        0.8546        0.0660        3.8           0.4910
385           297.6         0.3984        0.8546        0.1187        31.5          1.0980
386           297.7         0.4359        0.8627        0.1331        55.2          1.4150
387           297.7         0.4492        0.8627        0.1371        63.0          1.4150
388           297.7         0.4523        0.8627        0.1381        64.9          1.4150
389           297.7         0.4579        0.8708        0.1400        66.2          1.4150
390           297.7         0.4589        0.8708        0.1405        67.0          1.4150
391           297.7         0.4620        0.8787        0.1374        53.3          1.4150
392           297.7         0.4334        0.8786        0.1195        24.4          1.4150
393           297.7         0.3898        0.8866        0.0785        24.4          0.0830
394           297.7         0.3122        0.8866        -0.0456       -0.1          0.6240
395           297.7         0.3988        0.8873        -0.1176       -36.2         1.1580
396           297.7         0.4490        0.8948        -0.1367       -62.4         1.4150
397           297.7         0.4644        0.8960        -0.1412       -66.4         1.4150
398           297.7         0.4723        0.9028        -0.1429       -68.0         1.4150
399           297.7         0.4740        0.9091        -0.1436       -69.3         1.4150
400           297.7         0.4792        0.9106        -0.1453       -69.3         1.4150
401           297.6         0.4800        0.9126        -0.1435       -69.8         1.4150
402           297.6         0.4808        0.9185        -0.1281       -52.8         1.4150
403           297.6         0.4816        0.9185        -0.0883       -23.8         0.0080
404           297.6         0.3283        0.9260        0.0206        3.5           0.4870
405           297.6         0.3909        0.9269        0.1151        36.7          1.2130
406           297.7         0.4563        0.9342        0.1430        59.1          1.2130
407           297.7         0.4848        0.9350        0.1477        63.1          1.4150
408           297.7         0.4887        0.9423        0.1492        65.2          1.4150
409           297.7         0.4950        0.9431        0.1514        65.2          1.4150
410           297.7         0.4964        0.9508        0.1519        66.2          1.4150
411           297.7         0.5015        0.9511        0.1532        66.8          1.4150
412           297.7         0.4850        0.9511        0.1366        67.5          1.4150
413           297.7         0.4437        0.9589        0.1083        68.1          0.0870
414           297.7         0.3597        0.9590        0.0073        -7.2          0.5380
415           297.7         0.3767        0.9670        -0.1116       -35.4         0.5380
416           297.7         0.3937        0.9670        -0.1420       -59.1         1.1460
417           297.7         0.4988        0.9751        -0.1518       -66.1         1.4150
418           297.7         0.5084        0.9832        -0.1537       -66.1         1.4150
419           297.7         0.5109        0.9832        -0.1548       -67.8         1.4150
420           297.7         0.5168        0.9834        -0.1567       -69.1         1.4150
421           297.7         0.5177        0.9834        -0.1570       -68.5         1.4150
422           297.6         0.5116        0.9915        -0.1573       -67.8         1.4150
423           297.6         0.4680        0.9914        -0.1576       -67.2         1.4150
424           297.6         0.4030        0.9995        -0.0319       9.0           0.0360
425           297.6         0.3708        0.9996        0.0996        9.0           0.6060
426           297.7         0.3385        1.0075        0.1449        36.7          1.2130
427           297.7         0.5173        1.0078        0.1577        57.8          1.4150
428           297.7         0.5251        1.0078        0.1615        63.5          1.4150
429           297.7         0.5323        1.0158        0.1626        65.2          1.4150
430           297.7         0.5338        1.0159        0.1633        66.4          1.4150
431           297.7         0.5391        1.0239        0.1650        66.7          1.4150
432           297.7         0.5327        1.0247        0.1565        67.0          1.4150
433           297.7         0.4995        1.0319        0.1345        67.3          1.4150
434           297.7         0.4387        1.0364        0.0515        67.3          0.0110
435           297.7         0.3745        1.0401        -0.0724       -7.1          0.5330
436           297.7         0.4800        1.0468        -0.1419       -32.1         1.2620
437           297.7         0.5321        1.0468        -0.1618       -61.2         1.4150
438           297.7         0.5449        1.0482        -0.1646       -65.9         1.4150
439           297.7         0.5496        1.0507        -0.1672       -68.2         1.4150
440           297.7         0.5543        1.0565        -0.1680       -69.1         1.4150
441           297.7         0.5556        1.0638        -0.1697       -69.9         1.4150
442           297.6         0.5591        1.0646        -0.1649       -70.7         1.4150
443           297.6         0.5250        1.0720        -0.1428       -70.7         1.4150
444           297.6         0.4711        1.0720        -0.0866       -71.5         0.0620
445           297.6         0.3776        1.0729        0.0474        16.2          0.7660
446           297.6         0.4787        1.0811        0.1433        42.5          0.7660
447           297.7         0.5419        1.0813        0.1671        42.5          1.3370
448           297.7         0.5651        1.0891        0.1722        61.7          1.4150
449           297.7         0.5691        1.0891        0.1738        64.7          1.4150
450           297.7         0.5729        1.0920        0.1760        66.2          1.4150
451           297.7         0.5769        1.0971        0.1765        66.8          1.4150
452           297.7         0.5778        1.1043        0.1746        51.2          1.4150
453           297.7         0.5787        1.1051        0.1533        51.2          1.4150
454           297.7         0.5796        1.1130        0.1112        26.5          1.4150
455           297.7         0.3975        1.1130        -0.0206       4.6           0.4740
456           297.7         0.4640        1.1131        -0.1396       -40.4         0.4740
457           297.7         0.5540        1.1213        -0.1683       -63.2         1.2500
458           297.7         0.5792        1.1214        -0.1750       -63.2         1.4150
459           297.7         0.5888        1.1214        -0.1783       -66.6         1.4150
460           297.7         0.5915        1.1294        -0.1792       -68.8         1.4150
461           297.7         0.5943        1.1375        -0.1812       -69.6         1.4150
462           297.7         0.5983        1.1376        -0.1808       -69.6         1.4150
463           297.6         0.5757        1.1376        -0.1804       -56.9         1.4150
464           297.7         0.5328        1.1454        -0.1800       -21.2         1.4150
465           297.6         0.4326        1.1455        0.0034        7.8           1.4150
466           297.6         0.4630        1.1537        0.1300        32.3          0.5820
467           297.7         0.5576        1.1592        0.1702        59.3          1.1160
468           297.7         0.5983        1.1619        0.1826        59.3          1.4150
469           297.7         0.6053        1.1619        0.1849        63.3          1.4150
470           297.7         0.6126        1.1700        0.1873        65.5          1.4150
471           297.7         0.6143        1.1701        0.1880        66.7          1.4150
472           297.7         0.6172        1.1782        0.1899        64.6          1.4150
473           297.7         0.6045        1.1782        0.1751        43.8          1.4150
474           297.7         0.5587        1.1854        0.1453        17.8          1.4150
475           297.7         0.4830        1.1862        0.0271        17.8          0.0480
476           297.7         0.4475        1.1943        -0.1100       -12.5         0.6490
477           297.7         0.4119        1.1943        -0.1687       -37.4         1.3690
478           297.7         0.6113        1.1943        -0.1852       -62.7         1.4150
479           297.7         0.6252        1.2024        -0.1890       -66.6         1.4150
480           297.7         0.6284        1.2024        -0.1903       -68.5         1.4150
481           297.7         0.6344        1.2106        -0.1924       -69.3         1.4150
482           297.7         0.6359        1.2106        -0.1930       -69.8         1.4150
483           297.6         0.6319        1.2184        -0.1845       -70.3         1.4150
484           297.7         0.5894        1.2184        -0.1539       -70.3         1.4150
485           297.6         0.5078        1.2264        -0.0702       -70.7         0.0130
486           297.7         0.4382        1.2264        0.0834        4.6           0.6980
487           297.7         0.5638        1.2264        0.1723        37.8          1.3060
488           297.7         0.6292        1.2345        0.1919        59.3          1.4150
489           297.7         0.6407        1.2345        0.1955        63.9          1.4150
490           297.7         0.6490        1.2426        0.1984        65.5          1.4150
491           297.7         0.6514        1.2508        0.1993        66.2          1.4150
492           297.7         0.6570        1.2509        0.2012        66.5          1.4150
493           297.7         0.6568        1.2509        0.1952        66.5          1.4150
494           297.7         0.6566        1.2509        0.1684        66.8          1.4150
495           297.7         0.6564        1.2590        0.1108        67.2          0.0390
496           297.7         0.4424        1.2590        -0.0540       -17.7         0.7630
497           297.7         0.5583        1.2672        -0.1681       -46.1         0.7630
498           297.7         0.6369        1.2710        -0.1939       -62.5         1.3680
499           297.7         0.6598        1.2754        -0.1994       -62.5         1.4150
500           297.7         0.6647        1.2754        -0.2013       -66.9         1.4150
501           297.7         0.6716        1.2834        -0.2037       -68.8         1.4150
502           297.7         0.6731        1.2834        -0.2042       -69.8         1.4150
503           297.7         0.6783        1.2915        -0.2020       -59.1         1.4150
504           297.7         0.6419        1.2914        -0.1788       -36.1         1.4150
505           297.6         0.5865        1.2996        -0.1309       -6.6          1.4150
506           297.7         0.4646        1.2995        0.0374        -6.6          0.2660
507           297.7         0.5562        1.3076        0.1637        21.2          0.8740
508           297.7         0.6432        1.3076        0.1981        45.9          1.4150
509           297.7         0.6747        1.3076        0.2072        61.8          1.4150
510           297.7         0.6855        1.3158        0.2094        77.8          1.4150
511           297.7         0.6882        1.3158        0.2105        65.9          1.4150
512           297.7         0.6942        1.3240        0.2126        66.7          1.4150
513           297.7         0.6955        1.3240        0.2125        62.0          1.4150
514           297.7         0.6969        1.3320        0.2124        32.3          1.4150
515           297.7         0.6982        1.3320        0.2123        32.3          1.4150
516           297.7         0.4925        1.3401        0.0057        8.6           0.1960
517           297.7         0.5270        1.3403        -0.1457       -16.3         0.9220
518           297.7         0.6446        1.3403        -0.1969       -50.1         1.4140
519           297.7         0.6926        1.3484        -0.2095       -65.3         1.4140
520           297.7         0.7009        1.3554        -0.2120       -67.8         1.4150
521           297.7         0.7081        1.3564        -0.2146       -67.8         1.4150
522           297.7         0.7102        1.3564        -0.2154       -69.0         1.4150
523           297.7         0.7158        1.3645        -0.2172       -68.5         1.4150
524           297.7         0.7016        1.3645        -0.2190       -68.0         1.4150
525           297.7         0.6497        1.3727        -0.2208       -68.0         1.4150
526           297.6         0.5431        1.3727        -0.0416       -67.5         0.0800
527           297.7         0.5122        1.3727        0.1257        9.3           0.8130
528           297.7         0.4814        1.3809        0.1990        53.8          0.8130
529           297.7         0.7089        1.3891        0.2168        62.6          1.4150
530           297.7         0.7209        1.3891        0.2201        62.6          1.4150
531           297.7         0.7249        1.3891        0.2217        64.7          1.4150
532           297.7         0.7316        1.3973        0.2239        66.4          1.4150
533           297.7         0.7329        1.4046        0.2245        63.8          1.4150
534           297.7         0.7313        1.4054        0.2251        63.8          1.4150
535           297.7         0.7297        1.4092        0.2257        39.8          1.4150
536           297.7         0.7281        1.4135        0.0892        20.6          0.1340
537           297.7         0.5017        1.4135        -0.1068       -13.3         0.7420
538           297.7         0.6588        1.4215        -0.1944       -41.7         1.2760
539           297.7         0.7208        1.4216        -0.2182       -63.6         1.4150
540           297.7         0.7371        1.4298        -0.2239       -66.9         1.4150
541           297.7         0.7449        1.4298        -0.2256       -68.3         1.4150
542           297.7         0.7473        1.4370        -0.2266       -68.3         1.4150
543           297.7         0.7530        1.4378        -0.2285       -69.5         1.4150
544           297.7         0.7527        1.4378        -0.2208       -64.5         1.4150
545           297.7         0.7524        1.4458        -0.1927       -39.0         1.4150
546           297.7         0.7521        1.4457        -0.1268       -9.8          1.4150
547           297.6         0.5098        1.4539        0.0752        -9.8          0.2030
548           297.7         0.6509        1.4539        0.1920        26.0          0.9780
549           297.7         0.7298        1.4620        0.2246        50.6          1.4150
550           297.7         0.7551        1.4620        0.2307        62.5          1.4150
551           297.7         0.7640        1.4670        0.2338        64.7          1.4150
552           297.7         0.7681        1.4702        0.2351        66.2          1.4150
553           297.7         0.7699        1.4735        0.2370        66.8          1.4150
554           297.7         0.7753        1.4783        0.2341        57.8          1.4110
555           297.7         0.7369        1.4855        0.2074        28.1          1.4070
556           297.7         0.6738        1.4863        0.1442        28.1          1.4030
557           297.7         0.5259        1.4926        -0.0315       3.2           0.3090
558           297.7         0.6252        1.4944        -0.1826       -21.6         1.0350
559           297.7         0.7314        1.4944        -0.2252       -55.4         1.4150
560           297.7         0.7741        1.5027        -0.2338       -64.8         1.4150
561           297.7         0.7805        1.5028        -0.2362       -67.7         1.4150
562           297.7         0.7855        1.5107        -0.2389       -68.8         1.4150
563           297.7         0.7901        1.5108        -0.2397       -69.6         1.4150
564           297.7         0.7914        1.5180        -0.2398       -58.3         1.4150
565           297.7         0.7927        1.5188        -0.2399       -58.3         1.4150
566           297.7         0.7940        1.5271        -0.2400       -32.4         1.4150
567           297.7         0.5688        1.5271        -0.0108       -11.9         0.3590
568           297.7         0.5963        1.5271        0.1700        22.2          0.9300
569           297.7         0.6239        1.5353        0.2280        57.2          0.9300
570           297.7         0.7885        1.5353        0.2403        62.5          1.4150
571           297.7         0.8007        1.5435        0.2446        64.9          1.4150
572           297.7         0.8046        1.5435        0.2462        64.9          1.4150
573           297.7         0.8103        1.5516        0.2484        66.2          1.4150
574           297.7         0.8127        1.5516        0.2491        66.8          1.4150
575           297.7         0.8151        1.5516        0.2498        53.1          1.4150
576           297.7         0.8175        1.5597        0.2505        28.3          0.1990
577           297.7         0.6274        1.5596        0.0510        -2.1          0.4280
578           297.7         0.5777        1.5676        -0.1530       -30.4         0.4280
579           297.7         0.5281        1.5677        -0.2219       -55.4         1.0360
580           297.7         0.8039        1.5758        -0.2429       -55.4         1.4150
581           297.7         0.8153        1.5758        -0.2468       -65.4         1.4150
582           297.7         0.8242        1.5836        -0.2497       -68.5         1.4150
583           297.7         0.8266        1.5836        -0.2507       -69.5         1.4150
584           297.7         0.8304        1.5916        -0.2527       -69.5         1.4150
585           297.7         0.8221        1.5916        -0.2394       -65.1         1.4150
586           297.7         0.7653        1.5993        -0.2051       -43.0         1.4150
587           297.7         0.6742        1.5993        -0.0774       -15.8         0.1790
588           297.7         0.5747        1.5993        0.1137        13.8          0.7130
589           297.6         0.7390        1.6072        0.2207        47.2          1.4060
590           297.7         0.8126        1.6072        0.2494        61.2          1.4060
591           297.7         0.8353        1.6156        0.2549        63.8          1.4150
592           297.7         0.8402        1.6177        0.2569        65.5          1.4150
593           297.7         0.8473        1.6239        0.2594        65.5          1.4150
594           297.7         0.8491        1.6239        0.2602        66.5          1.4150
595           297.7         0.8512        1.6311        0.2540        53.8          1.4150
596           297.7         0.8533        1.6319        0.2198        30.2          1.4150
597           297.7         0.8554        1.6392        0.1345        30.2          1.4150
598           297.7         0.5744        1.6392        -0.0697       -1.4          0.5840
599           297.7         0.7197        1.6392        -0.2135       -34.3         1.1550
600           297.7         0.8160        1.6392        -0.2496       -62.8         1.1550
601           297.7         0.8448        1.6392        -0.2553       -66.7         1.4150
602           297.7         0.8507        1.6392        -0.2577       -66.7         1.4150
603           297.7         0.8540        1.6392        -0.2590       -68.3         1.4150
604           297.7         0.8561        1.6392        -0.2598       -69.5         1.4150
605           297.7         0.8574        1.6392        -0.2570       -60.9         1.4150
606           297.7         0.8587        1.6391        -0.2241       -35.0         1.4150
607           297.7         0.8600        1.6391        -0.1619       -15.9         1.4150
608           297.7         0.5819        1.6392        0.0310        19.3          0.1040
609           297.7         0.6817        1.6392        0.2083        19.3          0.8300
610           297.7         0.8071        1.6392        0.2480        47.0          1.4050
611           297.7         0.8428        1.6392        0.2571        60.7          1.4150
612           297.7         0.8502        1.6392        0.2600        64.3          1.4150
613           297.7         0.8541        1.6392        0.2613        65.7          1.4150
614           297.7         0.8561        1.6392        0.2623        66.7          1.4150
615           297.7         0.8576        1.6392        0.2618        66.7          1.4150
616           297.7         0.8591        1.6392        0.2613        54.3          1.4150
617           297.7         0.8606        1.6392        0.2608        26.0          1.4150
618           297.7         0.6148        1.6392        0.0118        -7.2          0.5400
619           297.7         0.6381        1.6392        -0.1884       -35.8         0.5400
620           297.7         0.6614        1.6392        -0.2392       -59.1         1.1480
621           297.7         0.8393        1.6392        -0.2536       -66.1         1.4150
622           297.7         0.8485        1.6392        -0.2570       -66.1         1.4150
623           297.7         0.8529        1.6392        -0.2585       -68.0         1.4150
624           297.7         0.8551        1.6392        -0.2595       -69.0         1.4150
625           297.7         0.8567        1.6392        -0.2602       -69.9         1.4150
626           297.7         0.8583        1.6392        -0.2609       -53.8         1.4150
627           297.7         0.8599        1.6391        -0.2616       -24.5         0.0430
628           297.7         0.6623        1.6391        -0.0359       2.8           0.0430
629           297.7         0.6176        1.6391        0.1535        27.3          0.4720
630           297.7         0.5728        1.6392        0.2332        57.6          1.0070
631           297.7         0.8352        1.6392        0.2555        57.6          1.4150
632           297.7         0.8483        1.6392        0.2590        62.8          1.4150
633           297.7         0.8526        1.6392        0.2608        64.7          1.4150
634           297.7         0.8551        1.6392        0.2620        66.2          1.4150
635           297.7         0.8570        1.6392        0.2626        66.8          1.4040
636           297.7         0.8489        1.6392        0.2632        67.5          1.3920
637           297.7         0.7897        1.6391        0.2638        68.1          1.3920
638           297.7         0.6821        1.6392        0.0947        2.4           1.3810
639           297.7         0.5828        1.6391        -0.1088       -31.2         0.3300
640           297.7         0.7488        1.6392        -0.2256       -31.2         1.0530
641           297.7         0.8306        1.6392        -0.2511       -58.8         1.4150
642           297.7         0.8459        1.6392        -0.2558       -64.9         1.4150
643           297.7         0.8512        1.6392        -0.2579       -67.8         1.4150
644           297.7         0.8542        1.6392        -0.2591       -69.1         1.4150
645           297.7         0.8561        1.6392        -0.2599       -69.5         1.4150
646           297.7         0.8557        1.6392        -0.2521       -69.5         1.4150
647           297.7         0.8553        1.6392        -0.2162       -69.8         1.4150
648           297.7         0.8549        1.6391        -0.1436       -70.1         0.2020
649           297.7         0.5737        1.6391        -0.0711       16.5          0.2020
650           297.7         0.7241        1.6392        0.2186        16.5          0.7740
651           297.7         0.8199        1.6392        0.2513        51.8          1.4150
652           297.7         0.8444        1.6392        0.2578        62.5          1.4150
653           297.7         0.8509        1.6392        0.2603        65.2          1.4150
654           297.7         0.8543        1.6392        0.2615        66.4          1.4150
655           297.7         0.8562        1.6392        0.2623        66.4          1.4150
656           297.7         0.8576        1.6392        0.2582        67.0          1.4150
657           297.7         0.8590        1.6392        0.2293        67.6          1.4150
658           297.7         0.8604        1.6391        0.1652        68.3          1.4150
659           297.7         0.5839        1.6392        -0.0429       68.3          0.0970
660           297.8         0.6930        1.6392        -0.2002       -22.5         1.0370
661           297.7         0.8008        1.6392        -0.2446       -61.1         1.4150
662           297.7         0.8415        1.6392        -0.2547       -65.9         1.4150
663           297.7         0.8497        1.6392        -0.2572       -67.7         1.4150
664           297.7         0.8531        1.6392        -0.2586       -67.7         1.4150
665           297.7         0.8552        1.6392        -0.2596       -69.1         1.4150
666           297.7         0.8568        1.6392        -0.2597       -65.1         1.4150
667           297.7         0.8584        1.6392        -0.2598       -41.2         1.4150
668           297.7         0.8600        1.6392        -0.2599       -12.7         1.4150
669           297.7         0.6153        1.6392        0.0054        -12.7         0.1540
670           297.7         0.6554        1.6392        0.1843        16.1          0.7610
671           297.7         0.7881        1.6392        0.2407        40.6          1.4140
672           297.7         0.8392        1.6392        0.2565        61.0          1.4150
673           297.7         0.8493        1.6392        0.2594        64.1          1.4150
674           297.7         0.8531        1.6392        0.2610        65.7          1.4150
675           297.7         0.8554        1.6392        0.2621        66.5          1.4150
676           297.7         0.8571        1.6392        0.2627        65.4          1.4150
677           297.8         0.8588        1.6392        0.2633        36.9          1.4150
678           297.7         0.8605        1.6391        0.2639        36.9          1.4150
679           297.7         0.6467        1.6391        0.0491        15.4          0.0840
680           297.8         0.6065        1.6392        -0.1456       -10.9         0.8100
681           297.8         0.5664        1.6392        -0.2336       -44.9         1.3960
682           297.7         0.8361        1.6392        -0.2525       -63.0         1.4150
683           297.7         0.8471        1.6391        -0.2563       -67.0         1.4150
684           297.7         0.8517        1.6391        -0.2582       -68.6         1.4150
685           297.7         0.8545        1.6391        -0.2592       -69.3         1.4150
686           297.7         0.8561        1.6391        -0.2599       -66.6         1.4150
687           297.7         0.8489        1.6391        -0.2606       -66.6         1.4150
688           297.7         0.7831        1.6391        -0.2613       -41.7         1.4150
689           297.7         0.6866        1.6390        -0.1006       -22.1         0.1360
690           297.7         0.5812        1.6390        0.1262        11.9          0.7430
691           297.7         0.7584        1.6391        0.2260        39.8          1.2770
692           297.7         0.8290        1.6391        0.2534        60.7          1.4150
693           297.7         0.8460        1.6392        0.2584        63.9          1.4150
694           297.7         0.8515        1.6391        0.2605        63.9          1.4150
695           297.7         0.8546        1.6392        0.2616        65.7          1.4150
696           297.7         0.8563        1.6391        0.2624        66.5          1.4150
697           297.8         0.8561        1.6391        0.2530        61.7          1.4150
698           297.7         0.8559        1.6391        0.2203        37.0          1.4150
699           297.8         0.8557        1.6391        0.1455        8.3           1.4150
700           297.8         0.5739        1.6391        -0.0824       8.3           0.2030
701           297.8         0.7300        1.6391        -0.2129       -27.7         1.1500
702           297.7         0.8149        1.6391        -0.2485       -62.4         1.4150
703           297.8         0.8436        1.6391        -0.2554       -66.4         1.4150
704           297.7         0.8505        1.6392        -0.2575       -68.0         1.4150
705           297.7         0.8534        1.6391        -0.2588       -69.3         1.4150
706           297.7         0.8554        1.6392        -0.2597       -69.3         1.4150
707           297.7         0.8569        1.6392        -0.2564       -69.8         1.4150
708           297.7         0.8584        1.6391        -0.2271       -52.8         1.4150
709           297.7         0.8599        1.6391        -0.1568       -23.8         0.0080
710           297.7         0.5781        1.6391        0.0355        3.5           0.4850
711           297.7         0.6860        1.6392        0.2024        36.9          1.2160
712           297.7         0.8009        1.6391        0.2491        59.1          1.2160
713           297.7         0.8429        1.6391        0.2571        63.0          1.4150
714           297.7         0.8498        1.6392        0.2597        65.2          1.4150
715           297.7         0.8533        1.6392        0.2613        65.2          1.4150
716           297.7         0.8557        1.6392        0.2622        66.2          1.4150
717           297.8         0.8571        1.6391        0.2623        66.8          1.4150
718           297.8         0.8585        1.6391        0.2624        67.5          1.4150
719           297.7         0.8599        1.6391        0.2625        68.1          1.4150
720           297.7         0.6033        1.6391        0.0127        -15.6         0.0290
721           297.7         0.6370        1.6392        -0.1796       -15.6         0.7160
722           297.7         0.6706        1.6392        -0.2402       -42.2         1.4150
723           297.7         0.8394        1.6392        -0.2535       -65.3         1.4150
724           297.7         0.8481        1.6392        -0.2568       -67.4         1.4150
725           297.7         0.8522        1.6392        -0.2584       -67.4         1.4150
726           297.7         0.8548        1.6392        -0.2593       -69.1         1.4150
727           297.7         0.8563        1.6392        -0.2600       -69.8         1.4150
728           297.7         0.8578        1.6392        -0.2607       -70.4         1.4150
729           297.7         0.8593        1.6391        -0.2614       -71.1         1.4150
730           297.7         0.6629        1.6391        -0.0501       -71.1         0.0460
731           297.7         0.6062        1.6391        0.1595        9.1           0.8480
732           297.7         0.5496        1.6391        0.2331        52.3          1.4150
733           297.7         0.8348        1.6391        0.4370        61.8          1.4150
734           297.7         0.8474        1.6391        0.2590        61.8          1.4150
735           297.7         0.8523        1.6391        0.2607        64.7          1.4150
736           297.7         0.8547        1.6391        0.2618        66.2          1.4150
737           297.7         0.8565        1.6392        0.2626        66.7          1.4150
738           297.8         0.8466        1.6392        0.2634        67.2          1.4150
739           297.7         0.7893        1.6391        0.2642        67.2          1.4150
740           297.8         0.6899        1.6391        0.0842        67.6          0.1710
741           297.8         0.5860        1.6391        -0.1114       -15.1         0.7050
742           297.8         0.7503        1.6391        -0.2223       -49.3         1.4060
743           297.7         0.8270        1.6391        -0.2509       -63.6         1.4060
744           297.7         0.8454        1.6392        -0.2559       -63.6         1.4150
745           297.7         0.8510        1.6392        -0.2578       -67.4         1.4150
746           297.7         0.8537        1.6392        -0.2590       -68.8         1.4150
747           297.7         0.8556        1.6392        -0.2598       -69.9         1.4150
748           297.7         0.8537        1.6391        -0.2521       -56.1         1.4150
749           297.7         0.8518        1.6391        -0.2189       -25.9         1.4150
750           297.7         0.8499        1.6391        -0.1285       -25.9         0.0820
751           297.7         0.5743        1.6392        0.0770        0.6           0.4230
752           297.7         0.7258        1.6391        0.2153        25.1          1.1490
753           297.7         0.8151        1.6391        0.2522        56.7          1.4150
754           297.7         0.8448        1.6392        0.2578        62.8          1.4150
755           297.7         0.8506        1.6392        0.2600        65.2          1.4150
756           297.7         0.8538        1.6392        0.2614        66.2          1.4150
757           297.7         0.8560        1.6392        0.2622        66.7          1.4150
758           297.8         0.8573        1.6392        0.2594        51.0          1.4150
759           297.8         0.8586        1.6391        0.2262        51.0          1.4150
760           297.8         0.8599        1.6391        0.1638        26.5          1.4150
761           297.8         0.5825        1.6391        -0.0293       4.4           0.4720
762           297.8         0.6787        1.6391        -0.2056       -29.1         1.0800
763           297.7         0.8058        1.6391        -0.2451       -57.2         1.4150
764           297.7         0.8415        1.6391        -0.2543       -65.7         1.4150
765           297.7         0.8490        1.6391        -0.2572       -67.7         1.4150
766           297.7         0.8529        1.6391        -0.2586       -68.8         1.4150
767           297.7         0.8549        1.6392        -0.2595       -69.8         1.4150
768           297.7         0.8563        1.6393        -0.2595       -69.8         1.4020
769           297.7         0.8577        1.6393        -0.2595       -58.0         1.3890
770           297.7         0.8591        1.6391        -0.2595       -26.1         1.3760
771           297.7         0.6113        1.6392        -0.0110       5.9           0.5390
772           297.7         0.6393        1.6392        0.1906        33.8          0.5390
773           297.7         0.6673        1.6391        0.2415        56.7          1.1470
774           297.7         0.8392        1.6392        0.2560        63.1          1.4150
775           297.7         0.8485        1.6392        0.2595        63.1          1.4150
776           297.7         0.8528        1.6392        0.2609        65.1          1.4150
777           297.7         0.8551        1.6392        0.2619        66.0          1.4150
778           297.7         0.8567        1.6392        0.2627        66.8          1.4150
779           297.8         0.8583        1.6392        0.2635        51.4          1.4150
780           297.7         0.8599        1.6391        0.2643        23.0          0.0440
781           297.8         0.6650        1.6392        0.0381        -4.0          0.0440
782           297.8         0.6147        1.6391        -0.1499       -29.0         0.4690
783           297.8         0.5643        1.6392        -0.2304       -60.3         1.0040
784           297.7         0.8340        1.6392        -0.2528       -60.3         1.4150
785           297.7         0.8472        1.6392        -0.2563       -65.7         1.4150
786           297.7         0.8515        1.6392        -0.2580       -67.7         1.4150
787           297.7         0.8540        1.6392        -0.2592       -69.0         1.4150
788           297.7         0.8559        1.6391        -0.2599       -69.6         1.4050
789           297.7         0.8478        1.6391        -0.2606       -70.3         1.3940
790           297.7         0.7886        1.6391        -0.2613       -70.9         1.3940
791           297.7         0.6799        1.6392        -0.0936       -3.8          1.3840
792           297.7         0.5831        1.6392        0.1111        -3.8          0.3290
793           297.7         0.7498        1.6392        0.2246        29.6          1.2600
794           297.7         0.8272        1.6392        0.2540        58.6          1.4150
795           297.7         0.8463        1.6391        0.2583        63.1          1.4150
796           297.7         0.8513        1.6392        0.2603        65.4          1.4150
797           297.7         0.8542        1.6392        0.2616        66.4          1.4150
798           297.7         0.8561        1.6391        0.2624        67.0          1.4150
799           297.8         0.8553        1.6392        0.2549        67.0          1.4150
800           297.8         0.8545        1.6392        0.2186        67.6          1.4150
801           297.8         0.8537        1.6391        0.1459        68.3          0.2010
802           297.8         0.5737        1.6391        -0.0727       -18.0         0.2010
803           297.8         0.7217        1.6392        -0.2160       -18.0         0.7720
804           297.7         0.8189        1.6392        -0.2486       -54.3         1.4150
805           297.7         0.8433        1.6392        -0.2551       -65.3         1.4150
806           297.7         0.8499        1.6392        -0.2575       -68.0         1.4150
807           297.7         0.8533        1.6392        -0.2587       -69.1         1.4150
808           297.7         0.8552        1.6392        -0.2596       -69.1         1.4150
809           297.7         0.8564        1.6392        -0.2555       -69.8         1.4150
810           297.7         0.8576        1.6391        -0.2268       -70.4         1.4150
811           297.7         0.8588        1.6391        -0.1629       -71.1         1.4150
812           297.7         0.5824        1.6391        0.0444        -71.1         0.0980
813           297.7         0.6948        1.6392        0.2034        20.9          0.8670
814           297.7         0.8015        1.6392        0.2471        45.4          1.4150
815           297.7         0.8417        1.6392        0.2572        61.8          1.4150
816           297.7         0.8498        1.6392        0.2597        64.4          1.4150
817           297.7         0.8531        1.6392        0.2611        65.9          1.4150
818           297.7         0.8553        1.6392        0.2621        66.7          1.4150
819           297.8         0.8569        1.6391        0.2616        66.7          1.4150
820           297.8         0.8585        1.6391        0.2611        54.3          1.4150
821           297.8         0.8601        1.6391        0.2606        26.0          1.4150
822           297.8         0.6133        1.6391        -0.0015       -9.0          1.4150
823           297.8         0.6503        1.6391        -0.1799       -33.8         0.5760
824           297.8         0.7861        1.6392        -0.2379       -62.0         1.1110
825           297.7         0.8381        1.6391        -0.2538       -62.0         1.4150
826           297.7         0.8482        1.6392        -0.2567       -66.2         1.4150
827           297.7         0.8520        1.6392        -0.2583       -67.8         1.4150
828           297.7         0.8544        1.6392        -0.2593       -69.3         1.4150
829           297.7         0.8561        1.6392        -0.2600       -69.9         1.4150
830           297.7         0.8578        1.6392        -0.2607       -70.6         1.4150
831           297.7         0.8595        1.6391        -0.2614       -71.2         1.4150
